log P
3.181000000000001
2.635300000000001
2.23102
3.1347000000000014
2.4884400000000007
3.1599200000000014
1.7753499999999998
1.5566199999999997
0.0371
0.66892
1.7948
3.3339200000000018
2.718300000000001
2.43069
1.5779900000000002
0.7904900000000001
1.57957
2.652300000000001
2.971300000000001
2.5493200000000007
3.963300000000001
1.2417
3.543200000000001
2.8047200000000005
3.4856000000000025
2.951200000000001
2.7690400000000013
2.8928800000000017
2.693990000000001
1.5349499999999998
1.82499
4.102700000000001
2.48461
1.91537
2.8843900000000016
2.07509
1.4305
2.866860000000001
2.10409
0.81599
3.025100000000002
3.5962000000000023
2.6800900000000007
1.6021
2.47393
1.1247000000000005
2.1738999999999997
2.6525000000000007
3.091420000000001
2.521100000000001
3.8652000000000015
2.457990000000001
1.8467
1.9051
0.7602
2.77714
3.068860000000001
2.57892
3.926180000000001
3.629200000000001
1.798
3.140620000000001
2.5276000000000005
2.9792000000000014
4.637700000000003
1.93483
4.038090000000002
2.764710000000001
4.269200000000002
2.951200000000001
2.785470000000001
3.7120000000000015
4.196100000000003
-1.0554999999999994
4.113840000000002
2.24214
1.0275
1.59822
3.289240000000002
1.6205
2.6386900000000013
3.335600000000001
2.2872000000000003
1.61109
1.93749
2.1657
4.147360000000004
1.4801
1.3199
2.998240000000001
3.1636900000000017
4.203220000000002
3.437800000000001
2.0648
3.198220000000002
3.552640000000001
2.9355
2.9948200000000007
2.5967
2.03369
3.4711000000000025
2.3629000000000007
4.2573000000000025
1.2627899999999996
3.831400000000002
2.839940000000001
3.9898200000000026
4.271720000000002
3.884400000000003
-1.0995099999999995
2.18844
1.81409
3.599820000000002
2.18542
1.64342
2.4208000000000007
2.9487900000000016
2.3562700000000003
2.3963
3.4856000000000016
3.3179000000000016
2.753800000000001
2.8344200000000006
-0.3092100000000004
-0.5464000000000002
3.140620000000001
0.5348899999999998
1.7418999999999998
0.83
2.689400000000001
-0.19401
3.289240000000002
0.8420000000000001
3.2892400000000013
2.473
3.014780000000001
3.673860000000002
3.623800000000002
3.299290000000001
3.288090000000002
3.229900000000001
2.3762000000000008
2.6515000000000004
3.530700000000002
1.9444
2.1767000000000003
2.901300000000001
2.1046000000000005
3.5271000000000017
1.88802
2.6423200000000007
0.37422
3.8493200000000014
2.623390000000001
1.53639
1.75
3.861600000000002
3.025500000000001
1.30255
2.791100000000001
2.3946000000000005
2.589800000000001
1.70869
1.58419
2.9468000000000014
1.9808
2.54408
2.846520000000001
3.2814000000000023
3.494010000000001
1.0841999999999996
2.28549
2.4023200000000005
2.7124200000000007
0.85429
1.4947
1.4873
2.7159000000000004
2.4468000000000005
2.6686000000000005
0.73875
2.2640900000000004
2.749100000000001
2.4517000000000007
2.3687700000000005
2.6991200000000006
2.7013000000000007
3.5307200000000014
2.535200000000001
2.0486
3.589190000000002
3.486600000000003
3.871800000000003
1.9974
1.80969
1.7716999999999998
1.19165
1.8155
4.478900000000004
2.3467
2.681690000000001
3.1941900000000008
3.575200000000001
3.076900000000002
2.373500000000001
3.436790000000001
1.57639
2.535200000000001
1.5868899999999997
1.9953
2.449
3.076990000000001
0.7143999999999999
2.6163
2.823590000000001
2.0412
2.548800000000001
3.7858000000000023
2.5013200000000007
2.852590000000001
1.30509
3.296800000000002
2.5444900000000006
2.900590000000001
1.3691999999999995
2.2022000000000004
2.6249
2.642150000000001
1.3423
3.168200000000001
0.5490999999999999
3.451700000000001
3.103300000000001
4.262100000000002
3.485420000000002
3.505600000000002
3.2848200000000016
1.8076999999999996
1.46253
2.6651000000000007
3.892400000000003
3.299900000000002
0.4936
0.5388099999999998
2.2211
2.946200000000001
1.73634
2.08892
2.39501
3.2077000000000018
2.2484200000000003
3.9235000000000015
2.561000000000001
2.939400000000001
3.4029000000000016
3.557990000000003
3.140620000000001
2.4415500000000003
2.681000000000001
2.1137
2.4914
3.0214000000000008
3.094100000000002
2.904520000000001
2.6739000000000006
3.2596200000000017
1.9964
1.8155
1.83649
1.81819
3.7406000000000015
2.6568000000000005
-1.0632099999999989
3.094300000000001
2.961720000000001
1.54259
2.1852
2.5083400000000005
2.6249
1.7715199999999998
0.6267200000000002
2.9907900000000014
2.1183
2.4914900000000006
2.6739000000000006
3.084600000000001
0.8853899999999999
0.3390999999999998
1.7176900000000002
2.5378
3.560700000000001
-0.8589800000000001
4.444720000000004
3.812610000000003
4.150400000000002
0.4470999999999998
1.61109
3.3339200000000018
3.170910000000002
2.28191
2.5207
3.140620000000001
1.96081
2.5444900000000006
1.0319
2.2655000000000003
3.0044000000000013
3.081800000000001
0.8770999999999998
4.560840000000003
0.8537000000000001
2.24311
1.17512
-0.3708
1.0816999999999992
2.3384
1.1625
1.6524999999999996
3.129300000000001
2.874100000000001
3.942700000000003
0.6285900000000001
1.5023
0.7650000000000002
2.2985000000000007
1.4207
2.733900000000001
1.35889
4.230700000000003
1.1819
0.5570999999999999
2.9652200000000004
0.2486999999999997
1.30089
1.99997
3.980240000000002
-0.3539000000000003
-0.0026000000000003
0.8770999999999999
2.385120000000001
0.1558999999999999
2.16143
2.23409
0.4141900000000001
2.2824
1.56119
1.6669699999999998
1.44002
1.5939
1.57572
-0.2836999999999991
2.3829900000000004
3.3057200000000018
1.0538999999999998
3.5322000000000022
0.9755999999999998
2.934400000000001
1.7232999999999998
1.0884999999999998
2.2195000000000005
2.2514000000000003
0.6610900000000002
3.082450000000001
0.85009
1.6467999999999998
1.3523999999999998
2.7554000000000007
2.797290000000001
0.5660900000000002
2.1916
0.7546200000000001
2.266
0.92879
2.1641000000000004
0.7213999999999999
0.89699
1.92592
0.0705999999999997
1.5751600000000003
0.6884999999999997
2.385120000000001
1.2407
1.8962
-0.3539
3.981700000000004
0.9707199999999998
2.0871
3.5396000000000027
1.6541
2.655490000000001
2.61439
1.6935
0.8770999999999999
3.101710000000001
1.69682
1.3868
2.4824
2.0473
1.95899
3.718300000000002
3.328400000000002
1.2677999999999998
1.0155999999999998
2.4369000000000005
2.954600000000001
1.2787
0.0037999999999999
1.1749299999999998
0.8514999999999999
1.1158899999999998
0.8770999999999998
2.4789000000000003
0.8309
0.24509
1.7092999999999998
2.23212
1.7873
1.5200899999999995
3.280590000000002
1.4820999999999998
0.5516000000000001
0.1377999999999999
1.7089
0.7213999999999998
-0.6186999999999996
2.2434000000000003
2.1977
2.1763000000000003
1.0538999999999998
2.998390000000001
3.101300000000001
2.5770800000000005
0.93359
-1.7227999999999997
2.8928200000000013
1.3375
1.0656
2.8516400000000006
2.23212
1.2878999999999998
1.4487
2.2277200000000006
2.7451100000000013
2.4137900000000005
0.72834
1.6019
1.8927
2.703070000000001
2.0472
1.93359
2.3646200000000004
1.4194999999999998
2.0719
2.1064799999999995
2.6845000000000008
1.8107
0.9335999999999998
1.94329
0.7290899999999999
2.7593000000000014
2.7360000000000007
2.0742
-0.5511000000000004
0.4079000000000001
2.9154000000000018
2.18072
2.6133200000000008
1.29
0.5063999999999997
3.0587800000000014
2.4104800000000006
1.7101
1.3394
2.4829
0.3678999999999998
0.3763000000000003
0.478
1.5757199999999998
2.27771
2.21815
2.736000000000001
2.38079
2.2434000000000003
1.78012
2.8888000000000016
2.5597000000000003
1.0456000000000003
2.3623000000000003
1.9238
1.4747
1.5162999999999998
2.0871
2.1901399999999995
2.0871
2.730100000000001
1.763
2.2990000000000004
1.29339
1.1204899999999995
1.5609
2.5143000000000004
1.78012
2.812420000000002
1.79119
3.036500000000001
0.5053000000000001
2.3923000000000005
0.6374999999999998
1.5956
1.1480899999999998
3.167300000000002
1.78162
0.9576000000000002
1.8946
1.7194
-0.6337000000000006
-0.56838
1.5311199999999998
2.1542000000000003
1.3263999999999998
-0.2735000000000003
1.34818
1.0879999999999996
1.79404
3.1545
1.4449799999999997
0.7953999999999999
1.712
0.2803199999999998
-0.2010100000000003
1.1872
0.0281999999999998
-0.3881000000000003
2.6248000000000005
0.4488999999999998
1.9811
1.5757199999999998
2.4108
1.92989
1.4820999999999998
1.0929
0.4257
0.8684000000000001
2.4544000000000006
2.571900000000001
2.385120000000001
3.6636000000000015
0.96178
-0.5240999999999998
4.306740000000003
1.7270999999999996
1.47389
-1.5298099999999994
3.3435200000000016
0.9845400000000002
0.9738
0.4232
3.1064000000000016
0.2718999999999998
1.10249
2.1641000000000004
1.90589
2.385120000000001
-0.2771099999999997
1.5823
1.97875
1.6935
1.69682
0.2488999999999999
0.2265999999999999
3.0406000000000013
-1.5375000000000003
1.0313899999999998
0.1497
2.4206000000000003
0.9376
0.9376
1.5779
1.25107
1.7057
2.02699
-0.4748099999999997
2.0012
4.101900000000001
1.3672
-0.7930099999999991
2.5429000000000004
2.7394000000000007
2.385120000000001
3.506800000000002
1.7816199999999998
2.997300000000001
0.7213999999999998
2.2161
2.8676900000000005
-0.3835999999999994
1.17512
1.4005999999999998
1.99022
0.5820000000000001
2.3923000000000005
2.645010000000001
0.76152
3.140900000000001
1.2484
2.8306000000000013
2.38079
2.9845000000000006
3.6366200000000015
0.5277000000000001
1.7998
1.7801199999999997
1.16109
1.8739
3.062640000000002
-0.90401
3.994500000000002
1.0538999999999998
2.16143
1.0539
0.0837999999999994
1.12629
3.228400000000001
1.5585
1.9603
1.181
2.03479
0.43269
0.3759899999999999
1.0538999999999998
0.7014
2.6348000000000003
-0.7930099999999991
1.3188
0.4336999999999998
2.2362200000000003
1.12629
1.4309
1.7654999999999998
0.4432999999999994
0.6159000000000001
1.096
1.2405
2.1435999999999997
0.944
3.415740000000002
-0.5821099999999999
3.2862800000000023
0.6958900000000001
1.6103900000000002
2.4148000000000005
1.93772
3.472690000000001
0.76152
1.87992
0.0389999999999994
0.9806
2.8516400000000006
1.53858
3.2499900000000013
1.1013
1.8871
3.6644200000000025
1.5776
1.3533000000000002
3.142900000000002
1.6923999999999997
3.338160000000002
3.004500000000001
1.2611
1.4453999999999998
2.975820000000001
1.75412
0.60729
1.0900000000000003
1.8602
1.6761
0.7629000000000001
1.1506
1.2611
1.5162999999999998
2.977400000000001
2.2799900000000006
2.366390000000001
1.55929
0.30089
0.4485
2.5763000000000007
3.8415000000000017
1.7731
2.357970000000001
1.4071999999999998
1.0486799999999998
0.7213999999999999
1.5757199999999998
2.4137900000000005
0.6355000000000002
1.3433799999999998
2.4090000000000007
0.7736
1.0539
2.1747000000000005
2.08798
2.6863
1.81829
1.57572
2.4556000000000004
1.9017
3.328000000000002
1.72629
2.967490000000001
1.9351
1.5486
2.3923000000000005
2.05419
2.5795000000000003
2.0961
2.3013200000000005
2.0575900000000003
1.0964
1.80879
2.22874
0.9255
1.1945
1.0194
1.7501799999999998
1.6161999999999996
2.982600000000001
2.5539000000000005
0.7213999999999998
1.78012
1.44811
2.851640000000001
2.0594
1.5487000000000002
1.5134999999999998
0.5526200000000001
1.46066
1.22747
1.42044
3.6644200000000025
3.214900000000002
1.3263999999999998
-0.1103999999999985
0.4221099999999999
0.7546200000000002
3.172500000000002
1.889
-1.2663099999999985
0.2572999999999997
2.8695200000000014
1.3263999999999998
3.8232000000000026
1.7302
1.6703199999999996
1.869
2.1904900000000005
1.5905
2.38512
0.49517
2.6457999999999995
-0.2665999999999991
2.2990000000000004
2.4389000000000003
0.7213999999999998
1.0726
2.2618400000000003
1.93103
2.26649
0.3772899999999993
2.6346700000000007
0.4235999999999997
1.69682
2.1663
2.667700000000001
0.2643899999999997
2.117
3.167300000000002
3.0020000000000007
1.3148000000000002
2.40519
2.9044000000000016
2.1436
2.10759
-0.0589000000000003
1.4983999999999995
3.706800000000002
3.1544000000000008
3.1613000000000016
2.6598900000000008
3.4589000000000025
1.3345999999999998
1.5294
1.0919800000000002
2.0575900000000003
0.4488999999999998
1.57572
2.5687000000000006
0.9111999999999998
2.506190000000001
2.7530600000000014
1.1625
1.96299
1.0474199999999998
2.3734400000000004
1.95149
1.4820999999999998
-1.1443100000000004
2.886000000000001
3.520700000000001
1.3666
2.8516400000000006
2.7140000000000004
0.6617999999999999
2.5135200000000006
1.93939
1.5543999999999998
2.2398
2.1536
-0.1750099999999997
2.718790000000001
1.56119
0.2720999999999998
2.733900000000001
1.9916
3.118520000000001
1.3264
1.9089
1.81829
0.7497900000000002
0.7752899999999998
2.5135200000000006
2.8922000000000008
1.3210999999999995
2.0473
0.6247900000000001
0.7525999999999999
2.807500000000001
0.9756
2.986600000000002
1.4731999999999998
3.0178900000000013
2.18025
3.7901900000000017
3.3583000000000016
2.4905
2.07509
0.0696200000000001
3.025500000000001
4.671340000000003
2.681000000000001
2.5373
1.2568899999999998
1.08007
2.4977400000000003
3.4601500000000023
3.9910900000000025
2.6568000000000005
1.65492
3.8241900000000015
0.2550999999999992
2.7316100000000008
2.727100000000001
2.836890000000001
2.12789
3.140620000000001
2.889800000000001
3.289240000000002
1.17332
3.222300000000001
1.42372
0.5283899999999997
1.4451900000000002
2.5956900000000003
4.136300000000003
1.2014
1.5490899999999996
2.548800000000001
1.6141
3.9751
2.5741900000000006
-1.0659
3.1706000000000025
1.77317
2.679800000000001
3.140620000000001
-0.6949999999999998
0.9854999999999998
1.0302999999999995
1.8155
3.642100000000003
3.157500000000001
2.12099
3.494010000000001
1.2417
2.9128300000000014
0.9708
3.187240000000002
1.6296
3.319200000000002
1.7664
2.0572
1.91211
1.7289
2.8001000000000014
-1.073999999999998
0.6301000000000001
2.07211
2.8338
3.796500000000002
2.1186
1.32012
1.5994000000000002
1.9511
4.056720000000003
2.6505
3.842190000000002
3.2239000000000013
3.295500000000001
2.45434
2.565100000000001
3.5787000000000013
2.21662
1.871
2.8146000000000013
1.0538999999999998
0.6080999999999999
3.0936900000000014
-0.698999999999999
2.5585000000000004
4.118000000000003
2.1358
3.1174100000000013
1.8077
2.689400000000001
3.6964200000000016
3.193090000000001
3.622700000000001
1.6585999999999996
2.839600000000001
3.649000000000002
3.227400000000002
4.9044
3.8054200000000025
3.642100000000002
2.8328000000000007
2.50098
1.63259
3.1599200000000014
3.179800000000001
3.222300000000001
3.298300000000002
4.014500000000003
1.7664
3.963300000000001
3.8241900000000015
4.080900000000002
1.5294
3.464800000000002
1.7628
2.856660000000001
1.0043999999999995
2.3394000000000004
2.1046000000000005
2.6918200000000008
1.7191
2.3608200000000004
1.08089
2.889800000000001
2.805290000000001
3.140620000000002
4.147360000000004
4.259500000000003
1.04802
2.3910600000000004
3.733990000000002
1.8155
2.975240000000001
2.597500000000001
1.7412
1.03089
1.662
2.951200000000001
2.15219
2.7692
2.891190000000001
3.014420000000001
2.4514000000000005
0.2942999999999997
1.96112
1.7448
1.5391
3.3192000000000013
3.2687000000000017
3.4856000000000016
1.5915
2.224
2.3981000000000003
1.6850999999999998
4.244400000000002
3.0763000000000016
2.327
2.876690000000001
2.852190000000001
0.8759899999999998
2.5356200000000007
2.9667200000000014
2.4115
2.6567
4.047040000000002
4.825020000000002
0.301
3.0761900000000013
3.281000000000001
0.5482899999999995
3.7456200000000015
3.5763000000000016
2.3552
2.7887000000000013
2.4853000000000005
3.626000000000002
1.7448
0.8789199999999999
1.1219
2.3328000000000007
2.7040000000000006
1.66107
3.0955000000000013
4.244400000000003
0.0208899999999999
2.258290000000001
1.5007199999999998
2.5814000000000004
1.67409
2.19609
2.1340000000000003
0.9112899999999996
0.9111
3.3968000000000025
2.4008000000000003
2.10949
3.8054200000000025
1.6600999999999997
1.6740899999999994
1.6388999999999998
1.6600999999999997
4.118000000000003
1.5668000000000002
3.109700000000002
2.681000000000001
3.0357000000000003
1.0076900000000002
3.4368000000000016
1.75299
3.905500000000002
2.30459
2.0082
2.698690000000001
-0.1240399999999992
2.519070000000001
3.3002900000000004
3.8054200000000025
2.6494800000000005
4.502020000000003
0.645
2.78759
3.2822000000000022
3.4597000000000024
2.640080000000001
1.91009
3.2299000000000007
2.9236400000000007
2.2319000000000004
3.451520000000002
4.147360000000004
0.8724699999999994
3.389200000000001
3.091420000000001
3.0955000000000013
4.3198000000000025
1.94969
3.8334
2.513020000000001
0.8789199999999999
1.6588999999999998
2.17969
2.0950999999999995
3.442000000000003
0.0030999999999996
2.6388000000000007
2.73808
2.4205000000000005
3.1354000000000006
4.372300000000002
2.0704
2.256
1.3448999999999998
2.087
2.3049
3.054800000000002
2.891190000000001
4.042870000000002
3.5947000000000022
3.2299000000000007
1.1249199999999997
1.87982
4.347600000000004
2.6568000000000005
3.267000000000001
2.4115
1.31171
2.11182
3.624850000000002
1.6146900000000004
2.560900000000001
2.7080400000000004
3.3728000000000016
2.7677900000000006
3.552640000000002
3.351340000000002
2.2004200000000003
3.140620000000002
1.8075
3.140620000000001
0.9595
3.339400000000002
1.4029999999999998
3.0955000000000004
1.16695
3.087290000000001
2.957600000000001
2.3340900000000007
3.0013000000000005
2.948400000000001
3.809490000000002
2.913420000000001
2.4205000000000005
2.1756
2.4205000000000005
3.340200000000002
3.016890000000002
1.4520199999999996
2.6506000000000007
1.76399
3.224600000000001
2.8775000000000013
2.6568000000000005
2.650100000000001
1.8895
2.5356200000000007
2.3339
3.9349000000000025
0.5752999999999997
2.2897
1.22819
2.4447
2.7124200000000007
3.3583000000000016
-1.181509999999999
2.4704000000000006
1.12909
-0.2772000000000001
2.5504000000000007
2.796290000000001
2.0829699999999995
2.0055
1.4071999999999998
1.9517
2.7740300000000016
3.049290000000002
1.27542
2.2585000000000006
0.4513999999999999
0.4291999999999997
2.29942
1.6998
1.2141
1.44002
0.8586
1.7073
1.6589
1.8488
-1.7395099999999994
2.18072
2.8991000000000007
1.2154999999999998
1.212
1.3294
1.4716999999999998
1.6535999999999995
2.1922
0.1934999999999999
2.3434
1.4868
1.3828
2.1435999999999997
2.2648400000000004
-0.5609999999999986
1.8102
1.7872
3.113300000000001
1.2134
3.101300000000001
2.401700000000001
2.2159000000000004
1.57572
1.7698
3.933900000000003
2.6500200000000005
1.2611
2.357100000000001
1.366
0.67042
2.3294700000000006
1.51509
2.0306
1.1585
2.773000000000001
2.08972
0.4883999999999999
2.13749
1.6724
1.6869999999999998
1.11469
1.93822
2.515500000000001
-0.2404800000000004
2.390200000000001
1.32489
2.6500200000000005
-0.7914099999999993
1.4788
1.94529
1.3811
1.86071
2.15722
2.59602
0.5968
1.8962
3.471300000000002
2.733900000000001
-1.2537999999999996
2.809700000000001
1.4821
1.37009
1.4821
-0.0537199999999999
1.6838
0.4721900000000001
2.9848800000000013
0.9425
1.3294
1.945
4.2060900000000006
1.66152
1.87992
2.2952000000000004
2.9078800000000005
1.1539
1.56889
0.11865
1.96
2.70779
1.1811999999999998
1.1711
0.4675999999999998
-0.3948999999999998
2.00848
1.51869
-1.223999999999999
1.17429
1.1823
0.48649
0.4959999999999998
1.0045
2.05269
1.5157
2.1291
2.790500000000001
2.5387900000000005
2.4987000000000004
0.9045999999999998
2.8405700000000005
1.00507
2.36674
2.06502
1.3263999999999998
1.9853
1.3376
2.937100000000001
2.8253000000000013
1.7903
1.88727
2.929900000000001
0.4189999999999998
2.2576
1.3012
2.63858
1.2673
3.663160000000002
2.1467
2.2026000000000003
1.6589
1.2375899999999995
1.7801199999999997
-0.1772999999999999
-0.6172099999999989
1.7109
0.9335
1.62428
2.4881600000000006
1.3188
2.08297
2.0510999999999995
0.8405
-0.8668999999999998
2.5432200000000007
2.2382
0.8271999999999999
2.23212
0.9707199999999998
1.3638199999999998
2.8882000000000003
2.8516400000000006
2.544500000000001
1.0185000000000002
-0.0232099999999998
2.2735000000000003
0.9375999999999998
2.16929
0.90852
2.6736000000000004
1.109
1.78012
1.92592
-0.2635800000000001
1.47229
1.5900999999999998
0.7290899999999998
1.9238
1.60409
0.2621900000000002
3.129300000000001
1.4309999999999998
0.6726000000000001
0.6622999999999999
2.614890000000001
1.4983
2.818700000000001
0.9707199999999998
1.2791899999999998
2.613640000000001
2.8394000000000004
1.8657
0.9685199999999998
1.21378
2.7729800000000004
2.4258999999999995
3.003000000000001
2.2460900000000006
4.27979
1.431
2.3734400000000004
2.614890000000001
0.3612999999999997
1.9352
0.3612899999999999
0.8948200000000001
2.7780000000000005
0.3270999999999998
2.12542
0.7106999999999992
3.1041000000000016
2.0653
1.5757199999999998
1.92592
1.1745
1.4664799999999998
-0.0757100000000001
1.34488
1.6935
2.22499
1.8731
3.065080000000001
3.071500000000001
3.118520000000001
0.3256199999999997
2.5155000000000003
0.2441999999999998
-0.0152000000000005
1.4226
1.4820999999999998
1.6838
0.36129
0.0688999999999996
1.48552
2.818500000000001
1.39197
1.1585
2.3958900000000005
-3.531509999999999
0.8560999999999999
1.861
-0.5467999999999982
1.3437899999999998
2.5432200000000007
2.205800000000001
2.840600000000001
1.2677999999999998
3.113400000000002
1.16462
1.04877
1.607
1.3592
2.5146000000000006
2.38512
1.9853
-0.2164000000000001
2.07149
2.63382
-1.0699099999999997
2.18072
2.3231400000000004
0.1634999999999997
1.52009
1.78162
1.78012
1.7801199999999993
1.6756
2.9496900000000004
1.51288
2.5288000000000004
1.8523
1.25648
0.1381899999999999
3.700000000000002
-0.3007099999999997
2.798700000000001
0.53762
2.104
3.140900000000002
1.3955
2.1575100000000003
0.78459
2.980700000000001
1.5385999999999995
-1.3615999999999986
-0.56838
1.4868
1.3708999999999998
-0.1963000000000003
3.009990000000002
0.9771
1.0535
2.938000000000001
0.36049
-1.4201999999999977
2.6172000000000013
2.61059
-1.8019
2.7311700000000005
2.2429999999999994
2.3623000000000003
0.7481999999999995
2.6057900000000007
2.1181
1.5007
2.4220000000000006
2.2208999999999994
0.9756
1.5162999999999998
2.11306
2.0871
1.5033
0.2965999999999996
0.5993000000000002
-0.0073000000000001
2.51432
-2.7017099999999985
2.683520000000001
2.239
2.0194
2.05722
2.2393
1.8325
-0.23961
1.20258
3.4350000000000023
1.5651
1.9853
1.2205899999999998
3.331900000000002
0.5554899999999999
1.4960999999999998
2.1615
0.8471999999999998
1.69278
1.1625
1.6631999999999998
1.8827
0.6921999999999998
0.7797999999999998
0.86567
0.8724000000000001
3.372300000000002
2.432200000000001
-1.1815999999999995
3.1073200000000014
2.802200000000001
3.2284200000000007
-0.0453799999999999
1.2934
1.9929
2.12833
2.07056
2.2034200000000004
2.46159
2.04502
1.5348
-1.8337800000000004
1.5305000000000002
1.9089
2.670200000000001
1.85301
0.3650999999999998
2.34107
1.82882
0.5057000000000001
1.3484199999999995
2.5558900000000007
1.2638999999999996
1.5486
1.29822
2.17974
1.62428
1.158
0.7177
3.044900000000001
0.9319
3.3282000000000016
3.1518900000000016
3.062640000000002
0.3020999999999999
1.6175
1.6086
1.32107
1.41869
2.0871
1.3315
1.7449
3.0699000000000014
1.6589
2.15722
2.30387
0.7962999999999997
1.3884
1.7057
-1.0744000000000002
2.3936
1.8926
1.0857
1.047
2.5319000000000003
1.0554
-0.6354000000000004
2.862400000000001
1.7840999999999998
1.4463
2.4835400000000005
1.27527
2.1435999999999997
1.0538999999999996
2.3040000000000003
0.7676999999999998
0.8046
1.6782
1.5716
0.6761200000000002
3.1976000000000013
-0.2164000000000001
2.0114
0.3612999999999997
1.52479
2.4544000000000006
0.5542
0.7877900000000001
1.5741
1.5819
2.4801
1.81868
2.0473
0.5643199999999999
2.6813
0.7416999999999999
1.83332
1.4438
3.4707100000000013
0.2721
2.502320000000001
0.8528
1.95342
2.6617000000000006
1.2791899999999998
0.5384
1.93822
3.0097600000000018
0.6622999999999998
1.6694699999999998
1.36829
1.4455
1.5834899999999998
2.819500000000001
-0.0585
1.9404
2.18692
2.926400000000002
0.6600000000000001
2.5332100000000004
2.1486
-0.0152000000000005
1.45162
0.8996999999999998
2.9540900000000008
2.0122
-0.9501999999999992
2.4581
2.5531200000000007
2.38512
0.8958999999999999
0.9707199999999998
1.34434
2.5669000000000004
-1.4565999999999997
1.5324999999999998
1.3934
1.8633
1.62428
2.6198900000000007
2.0767
0.9392
1.3614000000000002
2.4544000000000006
0.5699000000000001
1.5629
1.93822
2.11468
-0.6878999999999993
3.4454100000000016
1.4716999999999998
-0.9773099999999996
0.8339000000000001
3.549900000000002
1.2514999999999998
0.6269
1.8772
2.1716
2.0475000000000003
3.222100000000001
1.5611000000000002
0.97072
1.5486
2.1253
2.634800000000001
1.10879
0.54382
1.13297
1.4820999999999998
1.3264
1.6694699999999998
0.4714999999999997
2.851640000000001
0.1314
2.8507000000000007
-0.5600999999999996
2.5611000000000006
2.686300000000001
3.706700000000003
0.1117000000000001
0.80609
1.5613899999999998
2.997300000000001
2.1136
0.963
1.46499
0.8666999999999998
0.5516000000000001
2.4037000000000006
0.9319
1.7014699999999998
1.57572
1.4820999999999998
0.8435000000000001
0.9707199999999998
2.5173000000000005
2.2318
1.92108
1.14509
2.0114
1.17512
1.8207
-1.9338
0.2643900000000001
2.4902000000000006
1.95164
2.225
1.3032
1.5757199999999998
1.4820999999999998
1.8783
3.4155000000000024
1.9945
1.6838
1.2331
1.8978
1.8047
1.7826
1.0313899999999998
2.1862000000000004
1.0710000000000002
1.2762
1.3024
0.5968999999999999
-0.8154000000000003
2.5770800000000005
1.5385999999999995
1.6935
0.9319
1.5618999999999998
1.3263999999999998
1.0416999999999998
1.3786
3.7271000000000023
2.18072
1.5637
1.0421999999999998
1.80719
1.48782
1.6504
2.3601
1.2993
1.5551
-0.72641
-0.2355999999999999
1.7246
0.30032
-0.0075299999999999
0.60642
1.29739
0.5317000000000001
1.7331
1.52259
0.36722
-0.4714
0.3226999999999998
-0.0946799999999999
-0.4814800000000001
-0.9666999999999996
2.05261
-0.3493000000000001
0.68702
0.9482199999999998
1.3944
1.3261699999999998
0.3701000000000002
0.63032
0.4047999999999999
1.18617
1.2055
0.3155699999999999
0.67197
1.18617
0.0805
0.86687
3.155930000000001
1.8741
-0.0515999999999998
0.4788
-0.1170999999999998
0.8228
0.1255
0.5403
-0.3046800000000002
1.7054999999999998
2.0008
-0.8582000000000001
1.1256
0.5824000000000001
0.0079
0.2826000000000002
0.7211900000000001
-0.0422
0.1133999999999997
1.5376
1.03372
1.5519
1.3172
-0.9642
0.1061000000000002
1.2495
1.8734
1.24888
0.2917799999999998
0.9871
1.3598
-0.6117100000000002
0.86409
1.396
0.2221999999999999
-0.3806000000000002
0.8213000000000001
1.3598
-0.0643000000000002
2.2887900000000005
1.4263
2.2904
0.7866
2.1144000000000003
2.3955
0.1235199999999998
0.5652200000000001
0.6123
0.1990699999999999
1.0265399999999998
-1.2942
1.8008999999999995
2.5807900000000004
-1.206999999999999
2.07217
1.2068
-1.3116
-1.0093
1.3172
2.5364000000000004
1.7055
-0.0846999999999999
1.6952
-0.3860000000000001
1.1778
-1.1937999999999984
1.94618
1.6749
0.1078999999999998
1.39179
1.47167
0.6833199999999999
0.1235199999999999
1.63114
1.04419
0.56168
0.7383000000000001
0.9595
0.7285199999999998
-0.147
2.450100000000001
0.1821999999999999
0.3107199999999999
2.849100000000001
1.8756
2.00979
-0.30468
-0.1929
1.0296899999999998
2.212
-0.2311
0.3075000000000001
0.4630999999999999
1.91269
0.9236
0.3911
1.1985
0.72852
0.2486000000000001
-0.3590000000000001
1.21142
0.3482799999999999
-0.0515999999999999
3.291940000000002
1.8035
2.3162000000000003
0.3084999999999999
0.2979999999999999
0.4182999999999999
0.5668000000000001
-0.7317099999999994
1.38689
1.0059
-0.0898
0.2460000000000003
1.9529
1.08839
0.0827999999999999
1.4641
-0.3028999999999999
1.1093
0.4237199999999999
1.35439
0.7121999999999999
1.0901999999999998
-0.3821999999999999
-1.9662999999999995
-1.6093000000000002
0.0523
1.0265399999999998
2.0197000000000003
0.5693999999999999
0.329
0.859
-0.1033
0.7285199999999998
0.4767699999999999
2.0679
2.1232
1.5886
2.283720000000001
1.7603
-2.0519
0.3853
2.089090000000001
1.3797
0.2221999999999996
-0.3249000000000002
-1.4259000000000006
1.3172
0.3003199999999998
1.7807
-0.1582000000000005
-0.4918000000000002
1.396
0.93677
-0.50821
2.04342
2.786200000000001
1.60788
-0.3211000000000002
-0.3682000000000001
1.3317
0.2221999999999999
1.26659
-1.514
1.7678000000000005
1.8204
1.1951000000000005
-0.7855000000000003
0.2419999999999997
1.43319
-2.7670999999999992
-1.416
0.62842
1.8035
2.8475100000000007
0.1608999999999998
0.7850199999999998
2.1357
1.1985
2.3884000000000007
-0.3924000000000001
1.43842
0.59698
1.1484
0.53228
-0.0926199999999999
0.1420899999999999
-0.1658999999999996
0.6661
-0.5544999999999998
-0.6996800000000001
0.8292999999999999
-2.0519
0.8976999999999999
0.7850199999999998
1.04049
0.8640899999999998
-0.3087000000000001
2.4838000000000005
1.8826
-0.1075099999999999
-1.1198099999999998
1.1628000000000005
2.1346
1.4038000000000002
1.586
1.08839
1.3203
0.6864399999999999
0.4364000000000001
1.5401
0.921
0.4948800000000001
2.15252
1.9264
0.7691999999999999
-0.4814800000000001
0.3868999999999998
1.4384199999999998
0.3178999999999999
1.27727
-0.2311
1.4806199999999996
1.29144
0.78611
-0.9815000000000004
0.3785999999999999
-1.2511
-0.3825100000000001
0.2104199999999999
-0.4259000000000001
-0.65971
1.0735
0.7633
1.3172
3.2609900000000005
-0.6369099999999999
2.0313
-0.5019
-0.5942000000000001
1.3944
0.2894000000000001
1.4263
0.8235000000000001
-1.6818099999999998
-0.9835099999999994
-1.1664
-0.0585000000000001
-0.5391999999999999
0.7585999999999999
0.80928
1.0147799999999998
1.03372
0.97222
-0.8497000000000001
-0.3924
2.0855
1.37928
0.8838999999999999
0.6507
0.4188900000000001
0.5035000000000001
0.4997799999999999
1.28052
0.07308
-0.8609999999999995
0.3910999999999998
1.0265399999999998
0.58917
0.903
0.6123000000000001
1.0337199999999998
-0.1110999999999999
1.546
0.1413199999999999
0.4390000000000001
0.9734000000000002
-0.1934999999999999
1.0478
0.36722
1.4627
-1.2077000000000002
0.6994199999999999
0.8292999999999999
1.99462
-0.3749999999999999
0.33109
1.0059
1.1704
1.09344
2.443890000000001
0.4846
-0.7474000000000003
0.4984
-1.2511
1.2136
0.8292999999999999
0.5739
0.2705000000000001
1.8027
0.3701000000000002
0.6354000000000002
2.458
0.7823999999999993
-0.5914000000000003
0.1235199999999998
0.3939
1.21142
0.4389999999999999
0.3776999999999998
2.1995
1.4806199999999996
-0.9503
1.0474
0.8407000000000002
0.4215399999999998
2.2025
1.61978
2.5532000000000004
1.01478
1.218
2.5704900000000004
0.9175
-0.1744000000000001
0.4048
1.5637
1.7534999999999998
0.45249
-0.1659100000000001
0.3294900000000002
0.19907
0.5272000000000001
0.8904199999999998
0.7545999999999999
2.05261
0.2485999999999997
-0.7632000000000005
1.798
2.1346
1.6532
3.7706000000000017
0.8623000000000001
0.89057
1.1959
1.65509
-0.6852000000000003
0.38109
-0.1174800000000001
0.9836
-0.6742999999999999
1.9117
1.0642
0.8305
1.5606
1.3186
1.7331
1.7218
0.0588
1.1704
1.4878
1.2269
0.8959000000000001
1.21079
0.99682
0.1975899999999999
0.65449
1.2956
1.3988
-0.3589999999999999
0.0841899999999999
0.54667
0.0730799999999999
0.47769
-0.1505999999999998
1.39829
2.11411
-1.2085999999999997
-0.2938
2.2446900000000003
-0.6668000000000001
0.1235199999999998
0.2221999999999999
1.09309
1.51429
-1.0934000000000004
-0.8609999999999995
1.4579000000000002
-0.9666999999999996
0.5688899999999999
1.5655899999999998
0.4243000000000002
-0.0217000000000001
0.7213900000000002
1.61978
-0.6486100000000001
0.3965000000000001
1.7656
1.94618
0.582
2.12451
0.65069
2.3045000000000004
1.9222
-0.5302999999999993
-1.1458999999999993
-0.1246
0.6649
0.5217
1.5511
0.4255
-0.5727999999999998
1.03372
1.7457699999999998
-0.0429000000000001
2.03411
0.0004
1.5519
0.3706900000000001
-1.11131
-0.05751
1.2068
0.1061
0.1304799999999999
-1.78051
-0.1125000000000002
1.56777
0.7574999999999998
0.6965999999999999
-1.2077000000000002
0.5962000000000001
1.18617
1.7435999999999998
1.0551
1.21142
-0.6212000000000002
0.4303999999999997
2.0499000000000005
-0.1364200000000001
0.58917
0.4272899999999997
0.2890999999999998
0.1819899999999999
0.95328
0.2122799999999999
0.8054999999999999
1.8734
1.29202
0.89968
1.3457
-0.8215300000000003
0.8422000000000001
1.7331
1.3756
0.8395900000000001
1.62848
1.7861
2.0861
0.2422999999999999
-0.3107000000000001
0.2615999999999999
1.32639
1.5465000000000002
1.62399
1.32272
1.6312
0.62842
0.3657000000000001
1.99462
1.0247
0.6833199999999999
-0.1923099999999999
1.75994
-0.0022999999999996
1.6532
-1.35351
-0.7070100000000002
-0.7037999999999998
-1.1174799999999998
0.4698000000000001
-0.1016999999999997
-2.19041
0.6544699999999999
1.43319
-0.1383800000000001
0.0022999999999998
1.0956199999999998
-0.1169100000000001
-0.1469
-0.8688000000000002
0.5431999999999999
2.13589
1.81418
0.97986
-1.2808000000000002
1.8756
0.0588000000000002
0.1235199999999999
0.66489
1.04419
1.13
1.4871
0.0964899999999999
1.2519
2.871800000000001
1.5575
0.4851999999999998
1.8772
-0.1786000000000001
0.77647
0.859
2.04342
1.60959
0.3672199999999999
2.5580000000000007
0.0782999999999998
0.0094999999999998
0.7681
-1.7096999999999989
-1.1458999999999997
2.807300000000001
1.82617
-0.1033
1.8772
1.92387
0.6491999999999999
1.3737
1.3317
0.5652200000000001
0.56522
1.15128
0.8118
2.0394
0.6652000000000002
1.4998999999999998
2.5515300000000005
2.2272
2.45218
1.7848
1.2538
0.6895999999999998
1.8491999999999995
0.5332999999999998
1.0177
2.4350900000000006
0.2956099999999998
1.0319999999999998
1.05622
2.3308
2.1535
3.515600000000002
3.358200000000002
2.0234
2.754100000000001
0.6652000000000002
2.23222
0.9340900000000002
2.3308
1.8499
1.1855199999999997
2.0503400000000003
2.878420000000001
1.68362
2.6994000000000007
1.96232
0.7514999999999998
1.3523899999999998
3.805080000000003
0.9395999999999998
2.5950000000000006
2.570400000000001
1.43979
2.852730000000001
3.155000000000002
3.5713000000000026
1.7258
2.5498000000000003
2.489140000000001
2.374690000000001
2.7197000000000005
1.7234
0.96732
2.990870000000001
2.4542
1.3119199999999998
1.6051999999999995
3.353600000000001
1.86993
3.046110000000001
1.6489200000000002
-0.4997000000000002
1.8356
1.5797
2.8433100000000007
2.6939
0.7629899999999996
2.636700000000001
3.305500000000001
3.380020000000002
2.3474900000000005
1.2614
2.4279400000000004
1.48344
2.5700000000000003
2.4159700000000006
3.0570200000000014
2.7361000000000013
1.1755999999999995
1.2092000000000005
1.6511000000000002
1.3396
-0.3114099999999991
0.8670699999999998
3.200520000000002
2.5092000000000008
3.653200000000002
1.6932
3.866920000000002
2.489140000000001
2.5700000000000003
3.313500000000002
3.5111000000000026
0.8811999999999998
0.4857999999999993
0.9893999999999998
3.714780000000003
1.82068
3.796800000000002
0.1124999999999996
1.3623999999999996
1.1037
3.057290000000002
2.23222
1.6548899999999998
0.3218999999999999
2.08854
3.050380000000001
2.0485
2.1877000000000004
2.808990000000001
0.2318000000000013
1.8807
2.4911000000000003
3.948700000000003
2.11709
0.0608999999999995
1.4088
2.6937000000000006
4.575700000000001
1.6848
2.8946000000000014
2.3013200000000005
3.2426400000000024
0.7929899999999998
1.26959
1.2551
2.5700000000000003
1.1208
1.6724
0.5257
2.5942
0.0845999999999997
1.61871
2.178
3.215600000000002
2.1516
0.8992999999999998
2.4407000000000005
2.490100000000001
2.6007700000000007
2.2457
2.26949
1.4227999999999998
0.9261699999999996
2.459390000000001
1.7110999999999998
1.96732
-0.0025
1.90879
1.80308
-0.48621
0.6652000000000002
1.5722899999999995
-0.2783000000000001
3.5305200000000028
2.433840000000001
0.7947000000000001
2.703900000000001
3.5245000000000024
1.4164
1.54674
4.054520000000003
-0.4029099999999994
3.301000000000002
1.637
1.7246
-0.0406000000000001
1.43159
2.4985600000000003
1.5208
0.9491999999999994
1.4044
2.7684000000000006
2.0993
-0.5902999999999989
1.9103
-3.599199999999999
2.845900000000001
1.2785
1.15411
1.933
2.5515300000000005
2.53411
3.718700000000002
4.650520000000002
4.222100000000003
3.1906000000000008
3.026400000000001
2.0538
0.7505999999999999
2.178
2.3426
2.808020000000001
2.15848
1.537
2.38032
3.193900000000001
2.0853
2.5847999999999995
3.721300000000001
2.2758000000000003
3.099400000000002
1.13898
1.63482
2.8123000000000014
1.7233
1.9671
2.8829200000000017
2.1977
1.5797
1.4954999999999998
3.365440000000002
0.9646
0.7352999999999998
1.4216
0.6174
4.514510000000001
3.037570000000001
1.84702
0.6949000000000001
0.7229999999999999
2.1548800000000004
-0.0328999999999998
2.849500000000001
1.4717999999999998
1.7946
0.23369
1.3917
3.247090000000001
2.7369900000000005
2.1798200000000003
1.86649
2.23982
0.1825000000000001
1.88414
0.6707400000000002
0.6708999999999998
1.46267
2.6188400000000005
3.859800000000004
0.7170000000000001
4.323300000000003
0.4644
3.353200000000001
3.430200000000001
2.383
0.6500799999999999
0.2019
0.4608999999999998
3.108600000000002
2.524220000000001
0.7549999999999999
2.4313900000000004
1.8476
0.3183000000000001
2.0705
1.7143
3.213700000000002
1.1272999999999995
2.8241000000000014
2.1505
2.489140000000001
3.232800000000001
2.887700000000001
3.331220000000001
2.31982
1.951
1.88414
2.527590000000001
1.88414
2.5195000000000007
2.3089200000000005
0.38589
1.427
1.36
0.0807099999999999
2.09572
2.55182
1.29649
3.663800000000002
3.1862200000000014
0.7573199999999998
3.402000000000002
1.1345000000000005
3.8851900000000015
1.8761
2.4195900000000004
3.148500000000002
2.5151000000000003
3.2169000000000016
2.3706000000000005
1.58209
1.88414
0.4605900000000004
2.9358000000000013
2.433840000000001
2.224
1.6950999999999998
1.07862
1.2339399999999998
0.5524
1.0829000000000002
1.2791399999999995
1.4562299999999997
1.4324
1.81937
1.8346
1.65608
1.5881999999999996
3.286780000000001
1.8324
2.6702000000000004
0.6530899999999998
2.3308
2.63922
2.0705
3.429100000000002
0.5512000000000001
1.6247
3.244800000000001
2.6030000000000006
1.74398
1.0161999999999998
1.46819
1.204
2.0834
0.2406899999999999
2.45202
1.9627
1.1802
2.3761100000000006
3.1476200000000016
2.908840000000001
0.5093999999999999
2.12489
2.4195900000000004
1.3396
2.8604000000000003
-0.8376999999999999
1.8319
1.382
2.736300000000001
1.37359
2.6935400000000005
1.46872
1.68362
2.56339
1.29649
1.98996
3.232800000000001
2.4924
3.7993000000000032
0.8174999999999999
1.9524
0.6576999999999995
1.74398
1.6253
2.5887900000000004
2.23982
2.6565900000000005
2.3308
1.5392199999999998
2.2120100000000003
0.9084999999999994
3.6948000000000025
4.146900000000003
0.9086
1.80479
1.4412
0.6391999999999999
3.4338000000000037
2.3008
0.1729899999999999
1.3623199999999998
0.7768199999999997
2.8244000000000007
1.14829
3.3125000000000018
1.987
1.20064
0.5703000000000003
0.3873999999999999
3.004700000000001
1.84702
1.80484
1.965
2.2074
0.6323999999999996
3.2559000000000013
2.2384000000000004
1.6977
0.7738899999999993
3.3099000000000016
4.696200000000003
1.7195000000000005
2.678090000000001
4.137940000000003
2.708140000000001
0.8233900000000001
1.0670000000000002
2.925620000000001
2.6770200000000006
1.63482
4.0131900000000025
-0.2755100000000003
-0.8587099999999988
2.3385
1.9196
3.749500000000003
2.977680000000001
1.951
1.8093
1.6706000000000003
0.53398
3.2520000000000016
3.151400000000001
2.7239000000000013
2.23982
0.63869
1.65608
2.0327
2.517000000000001
2.9808200000000014
2.14469
2.925620000000001
2.887700000000001
0.279700000000001
2.4620000000000006
2.0904000000000003
2.0609
1.9598
2.1949999999999994
3.2651200000000014
3.6739200000000025
0.9417
1.2179999999999995
1.6370000000000002
1.37559
0.2260999999999998
3.123800000000001
3.0645000000000016
1.9587
3.449320000000002
2.7132900000000006
2.3955199999999994
1.71562
1.0693
1.02982
2.8663000000000007
4.252500000000003
0.5437899999999999
1.61009
3.265200000000002
2.4433000000000007
2.48419
2.640900000000001
2.0606
1.78632
3.3151
2.31118
0.9417
2.399400000000001
1.3640999999999996
2.3308
1.76417
1.80879
2.3311200000000003
2.5887900000000004
2.665890000000001
2.81689
2.18053
1.39488
0.4580399999999998
0.8670699999999998
1.8874
3.007100000000002
1.2312999999999998
0.7194
0.2117999999999999
2.21964
2.23182
1.054
-0.5973000000000002
3.451700000000001
2.10409
2.702300000000001
2.7038800000000007
4.046100000000003
1.65262
2.03
1.66389
1.3852
2.0714
2.764
2.3167
2.650920000000001
3.4193900000000026
1.7631899999999998
0.84189
3.403920000000001
1.6444
4.275400000000003
2.18509
2.684590000000001
3.802430000000002
3.767400000000002
1.9486
2.4796000000000005
2.3167
2.6092200000000005
2.713190000000001
2.4796000000000005
2.4771
2.933320000000001
3.0063000000000013
3.510300000000001
2.319400000000001
1.934
2.7038800000000007
2.1847900000000005
3.1655000000000006
3.256400000000002
2.7156900000000004
1.36297
2.0780000000000003
3.828590000000002
3.330400000000001
2.9659000000000013
2.3001000000000005
1.17679
2.7289200000000005
0.83681
-0.3803000000000003
2.7047000000000008
2.26261
3.181000000000001
2.6355000000000004
1.69597
2.4143
2.2495000000000003
5.394020000000005
2.9431900000000013
2.846190000000001
3.1172000000000013
5.333300000000003
2.4856
2.0302999999999995
2.1391
-0.5052000000000003
3.5375000000000014
4.172100000000002
3.5600000000000014
3.377200000000002
3.2403000000000013
3.3379000000000003
3.6910000000000025
2.1334
2.0458
2.4399000000000006
2.691740000000001
3.399840000000002
1.39489
2.993900000000002
1.7923300000000002
3.084600000000001
4.5252000000000026
2.3908000000000005
3.939300000000002
2.04969
2.7096
3.2403000000000013
2.7289200000000005
3.628700000000003
3.826900000000003
2.792700000000001
2.6092200000000005
3.3529000000000018
1.72941
2.9502000000000006
4.577600000000003
1.1822199999999998
2.8198000000000008
0.8978999999999999
2.18537
3.449040000000002
2.846400000000001
3.3544300000000025
0.4792999999999999
2.2909000000000006
4.799490000000003
1.26759
2.8408000000000007
3.2596200000000017
3.4397400000000014
3.7286800000000015
4.202800000000004
2.0815900000000003
2.6458200000000005
2.650920000000001
2.569790000000001
2.3184000000000005
3.9439800000000034
2.6423200000000007
2.737520000000001
2.03809
3.908240000000002
1.6444
3.8210900000000025
3.652300000000002
2.925720000000001
3.468340000000002
2.4501
3.0686000000000018
3.096700000000002
2.3337700000000003
2.9176
4.217700000000003
2.934590000000001
1.89828
3.9018000000000015
3.9018000000000015
-0.5266100000000005
3.0210000000000017
3.5691000000000024
2.866900000000001
3.802430000000002
2.9513000000000016
1.947899999999999
3.449040000000002
3.802430000000002
2.05322
3.3097200000000013
2.9502000000000006
4.174500000000001
2.7289200000000005
2.702300000000001
4.068600000000003
1.0107199999999998
3.8441000000000023
2.9502000000000006
3.5307200000000023
2.940500000000001
3.3339200000000018
1.67135
2.242
1.22389
1.1896899999999997
3.9774400000000014
2.9217000000000013
2.862400000000001
1.7887
2.8466000000000014
2.1186
2.8408000000000007
3.2318000000000016
3.767400000000002
3.422000000000001
4.034700000000002
3.538320000000001
3.5501000000000023
2.4160000000000004
2.4399
0.4157900000000001
2.8103000000000016
0.7519
2.743790000000001
1.96691
2.7250000000000014
3.2170000000000014
2.2399
2.4796000000000005
2.24672
1.8755
0.63669
2.8175800000000013
2.7384000000000013
3.492100000000001
1.34519
3.4813100000000023
3.083520000000002
1.8107
0.9035199999999994
2.907700000000001
3.9018000000000015
0.6636999999999998
1.58804
3.348200000000002
3.082700000000001
3.1723700000000017
3.721040000000002
3.4631000000000025
2.6354200000000008
3.9848000000000026
2.4883000000000006
2.4209000000000005
2.0352
2.9502000000000006
3.9372000000000025
3.2057
2.546900000000001
2.2053000000000003
2.4424200000000003
2.8408000000000007
2.919590000000001
2.5422900000000004
1.1298899999999998
2.732800000000001
2.6423200000000007
4.594300000000003
2.8408000000000007
3.096400000000001
3.4193900000000026
4.478900000000003
1.4804899999999996
2.1108
2.2639000000000005
2.2624000000000004
2.7384000000000013
3.0633000000000017
3.5307200000000023
3.7958000000000025
2.826290000000001
2.21582
3.511020000000001
0.8979000000000001
3.8441000000000023
1.0749899999999994
4.9883200000000025
2.2495000000000003
3.5771200000000025
2.4686000000000003
2.378000000000001
1.40939
3.5168800000000022
2.7070000000000007
0.3962899999999996
2.9777000000000013
3.1548000000000016
3.1974300000000007
2.7658000000000014
3.165080000000001
3.3339200000000018
2.0714
2.608430000000001
2.393700000000001
2.635300000000001
0.5941
2.3462
1.85709
1.91692
3.7162000000000015
2.1581900000000003
3.8351200000000016
2.5961000000000007
1.7805
2.1063
2.663990000000001
2.8920000000000003
3.453500000000002
3.3386200000000024
1.5486699999999998
2.971300000000001
2.62028
1.5033
1.50659
3.254700000000001
1.44121
2.8420900000000016
1.99794
2.9957900000000013
1.1441899999999998
1.3145000000000002
3.541500000000002
2.6065000000000005
0.1895
2.8001000000000014
2.3833200000000003
1.8343
3.065620000000002
3.6686200000000015
0.4227899999999999
2.3425
2.3273
3.1458000000000013
1.40149
2.558
1.6737
3.076820000000001
4.211000000000003
1.7412
1.1291999999999998
2.3339
1.30255
2.6674700000000007
1.6361
2.5060900000000013
1.68737
0.92982
2.468280000000001
3.2965000000000018
0.2747
2.3993
3.355100000000002
2.2224000000000004
2.757200000000001
3.165900000000001
3.494800000000001
3.1407200000000017
3.0345000000000013
2.0989
1.4663399999999998
2.23382
2.2961
2.971300000000001
1.7523999999999995
3.805380000000002
3.4239000000000024
2.4342200000000007
2.2074
3.987680000000001
3.9267800000000026
2.909800000000001
3.329900000000001
2.692500000000001
1.30255
2.3965200000000006
1.1923
3.225280000000001
0.28572
2.7975600000000016
3.6319000000000026
3.1693000000000016
1.1711
1.97559
3.8054200000000025
3.3739000000000017
1.4988899999999998
1.7824399999999998
3.7287000000000026
0.9834
1.3996
2.9568000000000003
1.3357
2.21329
-0.4865999999999999
2.604410000000001
2.5786000000000007
3.0013000000000005
3.7901900000000017
2.3409000000000004
1.9427
1.8779999999999997
3.000020000000001
0.6013899999999999
3.807120000000002
0.4731899999999999
2.969310000000001
3.3327000000000018
1.6367999999999998
3.945540000000002
0.5084000000000002
2.04059
2.522730000000001
4.440200000000003
3.398200000000002
4.123940000000003
1.9606
1.3598999999999997
2.463820000000001
2.3693200000000005
1.2586000000000002
0.7432000000000001
1.0002
4.147360000000004
0.8995
2.4205000000000005
2.951200000000001
3.3164300000000013
3.2299000000000007
1.8466
1.94399
2.2073
4.256390000000002
1.26279
1.0372
3.448590000000002
0.5283899999999999
3.209890000000001
0.6104999999999996
2.09934
2.789720000000001
1.84439
2.488950000000001
1.33479
0.9908
3.488000000000002
0.9842
1.57339
2.962000000000001
0.7536
2.5364400000000007
2.8322000000000003
1.4164
1.1754999999999998
2.994510000000002
1.99794
2.3179
2.0441000000000003
2.1344000000000003
2.2792000000000003
2.2272
1.6693
2.831150000000001
1.42752
1.94542
3.115490000000002
1.1832899999999995
1.65119
2.456290000000001
3.262700000000001
3.094800000000001
2.4468000000000005
3.057520000000001
2.928700000000001
1.2775999999999998
1.58019
1.4698999999999998
2.639220000000001
3.9375000000000018
1.8072
3.4891200000000016
3.6194200000000025
2.4620900000000008
0.3612000000000002
-0.1666999999999998
1.6954999999999998
2.912700000000001
1.9426
3.0562000000000014
1.2472899999999998
2.5602400000000003
2.8146000000000004
1.50349
1.8895
1.4102799999999998
2.515180000000001
2.518600000000001
3.383320000000001
1.40669
1.2003999999999997
1.9769
1.61609
0.6042999999999997
3.1354000000000006
0.2205999999999992
2.1420000000000003
0.1232900000000001
3.4711000000000016
3.494800000000001
0.8894899999999999
2.1015
2.8322000000000003
3.015500000000001
2.6392000000000007
2.3848800000000008
1.5152
2.8008200000000008
2.287
2.7478
1.097
4.0604900000000015
2.1925600000000003
2.700700000000001
2.6392000000000007
2.1516400000000004
2.621020000000001
3.478600000000001
2.8920000000000003
3.3246900000000013
0.9886
3.003800000000001
2.33502
2.4814000000000007
2.2704000000000004
1.1754999999999998
3.005300000000002
3.8389400000000022
0.85869
2.5921000000000003
1.1971999999999998
2.8946000000000014
1.40149
1.7226
1.875
1.9136
2.1925600000000003
3.222300000000001
2.7007000000000003
1.6674999999999995
0.9541999999999996
2.9808200000000014
4.059800000000003
2.06938
3.494010000000002
3.5017000000000014
1.90171
1.85709
1.6045999999999998
3.017500000000001
0.6864700000000001
2.3394000000000004
0.0565
3.089230000000001
1.5522
1.94912
3.1335200000000007
1.9011
1.7109899999999998
3.3739000000000017
3.6479900000000023
3.805080000000003
3.963300000000003
3.036430000000002
2.856490000000001
2.04044
0.7802999999999992
3.140620000000002
1.5424
2.4205
3.006820000000001
3.3512700000000013
3.840720000000003
0.6547999999999999
1.67279
2.686090000000001
1.4038
4.103300000000002
2.0957
2.9236400000000016
3.863800000000002
0.9622000000000002
3.8713000000000015
-0.5489
2.3374
2.738900000000001
4.219220000000003
3.0292900000000014
2.1082
-0.9070999999999994
3.1431000000000013
3.000720000000001
0.2562
0.99413
2.661290000000001
2.1303
2.8562000000000003
2.5965000000000007
2.832200000000001
0.6879
2.7735900000000013
2.2904
3.3654400000000013
2.109889999999999
3.194300000000001
2.5357000000000003
0.9642
1.68659
1.3311899999999997
2.11226
0.3701999999999998
-0.2248999999999998
1.4453999999999996
2.0611
1.94652
3.1106000000000016
1.18372
0.85669
0.5128999999999999
2.6751900000000006
2.0106
0.46452
2.2574000000000005
2.2801800000000005
0.91192
1.5894
1.64707
1.309
1.0764
0.5047199999999998
0.6406
1.2982199999999997
1.3709
0.3577999999999999
-0.4294800000000003
2.3493700000000004
2.04372
-0.1655100000000006
-0.6647000000000001
3.3670000000000027
2.5479000000000003
1.0019
0.4412000000000001
0.3115
0.3556999999999999
2.4458
-0.4620300000000003
2.3011100000000004
1.3445000000000005
0.3627
0.8664000000000001
1.8446
1.22739
1.2754
2.5903
2.836870000000001
1.3748
1.27739
0.3014999999999999
2.0264
2.2007000000000003
-0.4723000000000001
1.8741
1.1911
0.9632
0.9765
2.3484
1.42369
1.7824
2.1001
1.61849
0.4185199999999999
0.3677000000000002
0.8662000000000001
0.0159
0.4832199999999998
1.8304
0.1093999999999997
3.4434000000000022
1.4057000000000002
-2.043309999999999
0.6422000000000001
1.3693000000000002
2.919690000000001
1.76162
0.2632
2.5048000000000004
1.9387
1.2867
1.10942
2.3062000000000005
0.3677
1.09392
2.2482200000000008
1.08822
1.6138
1.5822
2.43501
0.5552999999999999
2.1254
4.062210000000001
1.9559
0.5592000000000001
0.8681999999999999
1.5815
1.6119
2.719000000000001
1.70887
1.6517
1.9738
1.7883
2.4171000000000005
1.7462
-0.93388
0.6540000000000001
-0.9269100000000006
-1.6962099999999989
2.4942
1.78519
-0.6261100000000002
1.96609
1.69287
2.728900000000001
2.5048000000000004
2.4876400000000007
-0.6404100000000001
1.4381
1.1567999999999998
0.3572999999999997
-0.7961000000000005
2.11222
0.88697
1.505
2.4656100000000007
-0.1068799999999999
0.9619
1.59262
1.87132
-0.3341999999999998
2.0752
-0.7566000000000004
0.3060199999999999
1.8767
0.7245900000000001
-0.0288099999999996
1.7547
1.64007
1.6583
2.9005600000000014
2.1940600000000003
3.7057100000000007
1.59262
0.3426999999999999
-0.8089300000000001
0.6406000000000001
1.2404000000000002
2.5725000000000007
1.49622
0.4832199999999999
2.0931
2.197620000000001
1.2735
2.374000000000001
0.7643000000000002
1.9361
2.3627
-2.1646
2.568200000000001
3.203100000000002
1.2939
1.3797
0.5680999999999996
2.9005600000000014
2.04011
1.5408
1.7773
0.29399
2.01562
1.247
1.64438
0.9808
0.9843999999999998
2.043
2.1004
-0.6261099999999999
1.3808999999999998
0.8214899999999998
1.5536
-0.21411
1.6644899999999998
2.728900000000001
2.062
2.04372
1.2745000000000002
0.967
1.35732
0.4504899999999998
3.2462100000000014
1.86279
0.88609
3.638700000000002
1.989
-0.0517999999999997
1.53642
2.3823700000000008
1.02859
2.3063200000000004
1.51887
0.8214899999999998
1.9557
0.0661999999999999
1.7165
0.9897999999999998
2.5749000000000004
1.5037
2.2666000000000004
-0.4299999999999992
2.3136800000000006
0.6520999999999999
1.2798
2.796800000000001
0.4853999999999999
0.6475
1.9252
1.2795800000000002
-1.2938999999999987
1.76214
1.57981
2.2231000000000005
2.6064000000000007
1.85419
1.45602
-1.696209999999999
1.59998
1.01698
1.56579
1.2529999999999997
0.5572199999999998
0.8183999999999999
1.9483
1.69287
2.00606
1.5114899999999998
2.964700000000001
1.0916
1.87132
1.496
2.2801800000000005
3.8380000000000023
0.3014999999999999
1.5349999999999997
1.5728
2.10352
1.8672
1.3827
1.869
2.665
2.7617900000000004
0.0414899999999998
0.1131
1.87132
2.2397
0.8664000000000001
-0.3405999999999999
1.1869999999999998
2.0085
2.0267
1.0217
0.5365000000000004
0.1114999999999997
-0.3149000000000006
2.8580200000000007
1.99972
0.2067
1.3039899999999998
2.4521000000000006
2.2162999999999995
1.59262
0.4574999999999999
-2.10741
2.1940600000000003
-0.7189000000000005
1.7883
1.23812
1.98367
1.221
0.5276
3.302690000000001
2.4781000000000004
0.3701999999999998
0.5287
0.8111999999999999
0.7526000000000002
2.9586900000000007
1.3604
0.78472
1.7872
1.62922
1.4503
1.41157
-0.4283999999999994
1.60131
2.0085999999999995
1.0058200000000002
2.11852
1.9311
0.0836900000000001
3.126000000000001
2.3627
1.08822
1.87959
1.7665000000000002
2.5090000000000003
0.9105999999999996
1.4017000000000002
1.0901999999999998
2.2845000000000004
1.0399999999999998
2.2042
1.0107
0.9921
3.3412000000000006
1.42689
0.3620000000000001
2.8580200000000007
0.8664000000000001
0.98762
-0.1483
1.73242
0.9609
0.0102999999999998
1.6851
0.9847899999999998
3.8709400000000023
1.621
2.0580000000000003
-1.26991
0.1204999999999998
1.6439999999999997
1.5451
2.117
1.8337
0.3620000000000001
0.2006000000000004
1.9876999999999996
1.3241999999999998
1.9771
0.2147899999999996
1.4552
-0.3564000000000002
0.5445
1.17662
-0.0924
-2.502309999999999
2.8832000000000013
0.4296899999999999
0.8662000000000001
0.1463099999999998
0.4828900000000002
-0.2570000000000001
0.9578
0.8664000000000001
0.1321
0.64009
1.18552
2.085
0.3620000000000001
0.34769
-2.3656999999999995
1.2625
1.96637
1.4433999999999998
2.5759000000000007
2.1988000000000003
0.8452100000000002
2.1421
2.18482
0.1458900000000001
1.20998
1.8493
1.8011
1.0871
0.70019
3.5794000000000024
1.54389
2.3351000000000006
2.8743800000000013
1.79588
2.5085000000000006
2.8958000000000013
1.21619
-0.93388
1.104
0.0153999999999996
1.6198
1.7813
-0.7189000000000003
0.6685000000000001
1.1539
0.828
1.42996
1.9337
0.3848
2.1939
1.4434
2.741820000000001
0.4803999999999997
0.6613199999999999
1.5668799999999998
0.5884999999999998
2.5156000000000014
1.1874999999999998
2.1041000000000003
1.0986
1.40107
2.40608
0.8582999999999998
-1.1037100000000004
0.5607899999999999
0.4412000000000001
2.17512
1.0063
0.6848000000000001
0.6843999999999999
1.7872
0.3115000000000002
1.0049
-0.7189000000000005
-0.19632
0.2631999999999999
0.6613199999999999
0.4816999999999998
0.5011999999999999
0.6785
1.60109
1.6843
2.901800000000001
2.40088
1.92929
1.2131
1.2735
0.7423
1.1874999999999998
2.717220000000001
2.3808000000000007
2.567100000000001
2.30209
1.2798
0.967
1.5536
1.5668
2.26093
1.48729
1.2632999999999996
2.871600000000001
2.29269
2.2482200000000008
1.2907699999999998
3.2462100000000014
0.9673
3.193500000000002
1.8907
1.6298
1.49979
1.3287999999999998
0.975
1.49979
1.552
3.092200000000002
2.913600000000001
1.5189
2.3747000000000007
1.4389
2.3025
2.29042
0.99322
1.1833
2.452500000000001
2.2461
1.237
1.16262
0.8165900000000001
0.2063999999999999
-0.8423000000000005
2.7617900000000004
1.5844999999999998
2.3922
2.221
-0.36638
1.0107000000000002
1.0206
1.6362
1.81609
1.49979
1.4235
-0.3308800000000002
0.62632
2.01839
0.7189
0.7298
-0.38751
2.34579
0.3231100000000001
2.1355000000000004
1.964
-0.8354099999999989
2.256
2.1254
2.6078400000000017
0.1463099999999998
2.0167
-0.8523099999999999
1.95257
1.1551
2.3988000000000005
0.5691900000000001
0.5458999999999996
0.6939
1.7087899999999998
1.4235
1.70704
0.1604899999999999
2.01562
-1.6601099999999995
1.5076999999999998
1.7369199999999996
1.1432
-0.4542000000000004
-0.1139
1.1568
0.0142999999999999
3.2619000000000016
1.73692
1.1258
2.3995000000000006
1.9292
0.5643
1.8672
2.8530000000000006
1.87132
1.15429
0.5586999999999999
-0.1073000000000003
-0.7649099999999998
1.1539
1.30748
2.0164
2.490240000000001
0.94552
1.8141
1.592
0.4049999999999998
0.828
-0.6446000000000003
2.919690000000001
0.2281999999999999
0.1093999999999997
1.09392
1.7649
2.5737000000000005
2.3806000000000003
2.6887000000000008
-0.22355
1.59262
0.8359000000000001
1.2689
1.31399
1.31372
2.2247900000000005
2.8009900000000005
1.4951
0.2136899999999997
1.5489
0.4152000000000001
2.2666000000000004
-0.1302999999999999
1.8888
1.83648
1.5668799999999998
0.8045899999999999
0.6204
1.5204
0.8664000000000001
0.9286999999999996
0.9578
-0.0706000000000003
-0.2344999999999998
2.0381
2.2915
0.3370999999999998
1.4869
1.1914
2.4644700000000004
1.02859
2.723300000000001
0.6242
1.6859000000000002
3.097800000000002
0.63869
2.5048000000000004
0.6498999999999999
3.203100000000002
2.3022800000000005
2.18243
2.3922
2.4742000000000006
1.93549
1.78872
0.8664000000000001
0.7182
1.4714
2.5592000000000006
-0.1915999999999998
0.6153000000000001
0.3215000000000001
1.47107
-1.22298
0.83049
0.9174
0.7087000000000001
0.3149999999999999
0.1282
0.5226000000000001
0.2388999999999999
1.5451
-0.3622000000000001
2.3253999999999992
1.1523
0.1321
1.54459
0.4707000000000001
2.6047200000000013
1.6205
0.0721999999999998
2.6230800000000007
0.8252900000000001
2.985390000000001
1.2266199999999998
2.8817900000000014
1.5526
2.4374
0.9225
2.778590000000001
3.0055000000000014
2.1666
0.8565999999999998
2.2985000000000007
1.9598
2.7048000000000005
1.56119
2.23222
2.604590000000001
3.317380000000001
2.804900000000001
2.3308
1.0202999999999998
2.826200000000001
0.8224
1.0573
1.5191899999999998
1.6722400000000002
2.3308
4.145300000000003
1.41209
2.16117
0.6708999999999998
1.2517
1.9796
1.3834999999999995
2.4253
3.4522000000000013
1.382
0.0478000000000002
1.5716
2.6935400000000005
1.8433
1.02982
1.59412
1.51274
2.508120000000001
1.382
0.65289
2.0829
1.27914
1.9206
1.57758
2.3308
1.2695900000000002
3.532000000000002
1.88414
2.5081000000000007
3.4987000000000013
2.23982
3.310390000000001
1.8817
3.1186000000000016
2.0500000000000003
1.7948
1.5936
0.2019899999999999
1.35319
1.9598
1.63482
1.1855199999999997
2.8722000000000003
1.4824
1.6956
1.5425199999999997
2.7146800000000004
0.9596
2.2607000000000004
2.0927
2.3308
2.3308
2.38032
1.3687
3.0532000000000004
1.91229
2.5829000000000004
3.6396000000000015
2.5153000000000008
1.933
4.279240000000003
2.4240900000000005
1.8093
2.525990000000001
2.597500000000001
1.8016
1.5162999999999998
2.0981
0.51217
1.29527
1.58949
1.29649
2.3252900000000007
1.9987
1.02982
1.3263999999999998
1.7233
3.1304000000000016
1.61229
2.6481000000000003
2.1779
1.63482
2.8531000000000004
1.6211999999999998
4.676400000000004
3.042320000000001
3.253320000000002
3.515600000000002
0.13889
2.6967000000000008
2.770010000000001
2.489140000000001
1.46066
2.5990200000000003
2.4686000000000003
1.02982
2.45688
1.0033
1.6848
2.6935400000000005
2.3368
1.0320000000000005
1.1802
1.85849
1.9383
2.5153000000000008
1.45651
2.44167
0.84569
0.99642
0.0827199999999995
2.23222
0.7901999999999999
1.8922
2.2887000000000004
3.294970000000002
0.0520999999999998
1.3156
2.873900000000001
3.2935000000000016
2.5062000000000006
1.6227
2.1602999999999994
3.9683100000000016
1.63482
2.1288
-0.3639000000000003
1.5730000000000002
1.98899
1.1603
2.578500000000001
1.6779
2.3179
1.5304999999999995
2.4724000000000004
2.780590000000001
2.956100000000001
1.10419
-0.6138000000000008
3.3337900000000014
2.783300000000001
1.5136899999999998
2.9040000000000017
-0.2140000000000004
2.5848000000000004
-0.6790100000000001
3.3960000000000026
1.88414
2.8450000000000006
1.3156
1.96732
2.525990000000001
2.4243700000000006
-0.0052999999999996
2.45202
1.90149
2.2560900000000004
1.9288
3.180600000000002
1.65699
2.873900000000001
2.33822
2.5307200000000005
2.8771000000000013
2.32629
2.5848000000000004
4.514510000000001
2.3814
1.6355
3.5763000000000025
1.965
1.9624
2.451390000000001
1.1585100000000002
1.21719
2.6712000000000007
2.2627000000000006
1.13898
2.6679900000000005
1.92999
1.91069
3.723200000000003
2.5817
1.6495
1.1752900000000002
2.016
2.6781000000000006
0.5091199999999998
2.23222
2.0675
3.0477100000000004
-0.9491299999999998
1.2887
1.3495
2.33822
2.0623
1.02982
3.474400000000002
3.530520000000002
3.4370800000000026
1.78367
0.3948899999999997
2.404490000000001
2.588800000000001
1.6271
2.7048000000000005
0.9138
1.7948
-0.9297999999999982
2.0853
3.5134000000000016
2.7148900000000005
1.8271
1.3495
3.7977000000000034
0.2837999999999999
1.7148199999999998
1.26279
2.0016
2.0873
1.63482
2.06339
1.3664899999999998
2.589520000000001
1.382
0.7660899999999999
2.78427
0.93428
3.111200000000002
2.4831200000000004
3.429100000000002
2.6935400000000005
1.7507199999999998
1.68952
1.9365
1.6476
2.5967900000000004
1.5188700000000002
2.489140000000001
1.2154699999999998
2.23982
3.4338000000000037
1.4818
2.597500000000001
1.8809
2.3955199999999994
2.2746200000000005
1.8095
3.0302000000000016
1.6093
1.60931
2.18717
2.32149
2.3490900000000003
0.7825
2.770010000000001
1.0879
2.1261
3.449320000000002
3.164960000000001
0.7293999999999993
1.8284
3.2218000000000018
0.5650999999999997
1.5136
1.5371
2.2262000000000004
0.6302999999999999
2.688400000000001
1.13898
1.2531
1.30577
1.5531999999999997
3.402000000000002
1.98899
2.759290000000001
2.527590000000001
1.8753
1.7948
0.7787899999999998
0.95299
0.6528899999999997
2.6391
1.8533
2.383490000000001
1.5932
3.024690000000001
2.0767999999999995
1.58809
1.7439799999999996
1.36
1.3264
2.3600000000000003
3.174300000000001
1.7976
2.817400000000001
1.18552
2.6034900000000007
2.20379
1.6649899999999995
3.0576000000000016
3.464730000000001
0.65449
2.2959900000000006
3.4000900000000023
1.27428
3.5890100000000027
3.429100000000002
2.573220000000001
0.7276
2.830400000000001
2.7166
1.9798
0.7209999999999999
4.279240000000003
2.1258
1.7847999999999995
1.637
1.0099899999999995
2.0454
1.04149
1.84702
2.48914
1.6084999999999998
2.17086
1.4543
1.1835999999999998
2.5153
1.7611
2.5861300000000007
1.9483799999999996
2.808020000000001
1.23392
1.64369
1.653
-0.2977999999999998
2.01772
1.02982
2.9356000000000018
2.489140000000001
1.0975000000000004
2.11709
1.32387
1.4878999999999998
0.6198000000000001
3.0526000000000018
2.7502000000000013
2.8199200000000006
0.07709
1.1209000000000002
3.4338000000000024
1.3279999999999998
0.2266
3.4522000000000013
1.0177
1.2715
1.94929
2.23982
2.18053
2.1171
2.3008
2.1394900000000003
2.35891
2.4483900000000007
1.5841999999999998
1.6864
1.3046
1.67998
1.11919
1.30838
0.84009
1.5027199999999998
2.7853200000000014
1.965
2.9358000000000013
1.0360999999999998
1.5060999999999996
2.8885000000000014
2.21431
2.55182
2.672400000000001
1.4911
1.24279
3.318600000000001
1.1173
1.4999
1.74398
2.0881
1.61757
0.5664
2.23982
2.5939900000000007
2.1243
2.713800000000001
1.7258
3.33699
2.2457
3.216200000000001
1.7798999999999998
0.4857999999999993
1.6475
0.9325999999999997
0.9417000000000002
2.3308
2.81618
1.49497
2.11268
1.637
2.478700000000001
3.0037400000000014
2.6950900000000013
2.30729
2.1686
3.8385000000000025
0.7866
2.5592000000000006
2.906100000000001
3.282020000000002
2.1697
1.7258
0.1830899999999998
1.8297
0.6708999999999997
3.2615000000000016
3.227570000000001
1.19229
0.4747999999999999
0.6227999999999998
1.9642
2.2494
1.1093
2.6765100000000013
1.202
2.17407
1.68282
2.5580000000000007
2.0155899999999995
3.436720000000002
2.330800000000001
1.0338
0.91519
2.18053
2.4063800000000004
2.5847999999999995
3.531600000000002
0.9188999999999998
2.6751000000000005
2.34898
2.0979
2.843500000000001
2.8322700000000003
1.882
2.525990000000001
1.987
2.0806999999999998
3.0570200000000014
1.18552
0.5434999999999999
2.7714800000000013
2.791300000000001
2.09702
3.4987000000000013
1.8809
3.8214000000000015
1.70529
2.8895000000000017
3.243720000000001
2.1899
0.1498999999999997
1.9434
3.079600000000002
1.5636
3.4228000000000023
2.0392900000000003
1.4239
2.2118900000000004
1.8852
1.1218
4.279240000000003
2.4416
2.32669
1.5519999999999998
3.5838000000000028
2.5337000000000005
1.9915
0.2149999999999994
3.209800000000002
1.2023199999999996
3.8023000000000025
2.4861000000000004
1.4559
0.93389
3.532300000000002
3.487400000000002
0.9199
2.3732200000000008
2.639220000000001
1.3952900000000004
1.0413899999999998
2.995700000000002
2.9288900000000018
1.77757
3.560240000000001
3.225280000000001
0.9793199999999996
2.8322000000000003
3.151730000000001
1.7275
3.0268000000000006
2.6457000000000006
0.8994999999999999
-1.3059
2.0394
2.997630000000002
1.50879
1.04299
2.1925600000000003
2.530290000000001
1.2692
1.0510000000000002
2.2941400000000005
3.7141600000000015
1.4221
0.2038199999999997
3.1431000000000013
1.6401
2.3284
3.040700000000001
3.3654400000000013
2.3100000000000005
2.56184
0.63757
1.4669299999999998
2.72982
2.4622
2.2058
1.46693
2.3076
2.709100000000001
1.0884999999999998
1.2683899999999997
2.784200000000001
4.244100000000003
0.87109
1.99737
3.0824000000000016
2.5060900000000013
2.8322000000000003
2.2277
2.8248000000000006
3.439700000000002
2.1483
1.8199
3.4140400000000017
3.8419000000000016
1.6635999999999995
2.3687000000000005
1.58432
1.99794
2.6937000000000006
0.8154999999999998
2.30311
1.9108000000000005
3.1354900000000017
1.2411
1.94
2.17619
3.466300000000002
2.5151000000000003
2.7977000000000007
0.9589
1.77757
1.40669
2.7689000000000004
2.7182000000000013
2.0214
2.2964
2.30239
1.4781
1.50071
1.2213
1.2553
1.88002
1.3152000000000004
2.2194000000000003
3.0580900000000018
1.8744200000000004
1.6137199999999998
1.5424
2.0394
3.0824000000000016
3.3654400000000013
0.5872999999999999
2.908100000000001
1.73072
3.0132200000000013
0.98809
2.7990700000000013
2.510700000000001
0.4208999999999999
3.1517300000000006
2.17798
3.439700000000002
2.0729
1.99608
2.2046
2.4526400000000006
1.0929000000000002
2.9476000000000013
3.4048000000000007
2.0657
2.562400000000001
0.4492999999999998
-0.1569099999999993
4.135400000000003
2.645880000000001
3.1550200000000013
4.331300000000003
3.4529000000000014
1.93049
2.2964
2.9273000000000016
2.2074
2.58059
2.26
3.1335200000000016
2.960100000000001
2.912700000000001
2.9160900000000014
2.3935000000000004
2.4814000000000007
1.94
4.024800000000001
0.9908
2.684490000000001
1.9268
4.587660000000003
2.2965
1.2978
1.8594
3.1192
1.9241
3.168820000000002
2.2046
1.97559
2.6058000000000003
2.870300000000001
4.219220000000004
0.9935
2.27342
0.72177
2.6323100000000013
2.5039000000000007
2.668490000000001
1.2048
2.6533000000000007
2.5611000000000006
2.5039000000000007
3.1054200000000014
2.0749
3.1693000000000016
0.9818999999999998
0.1023999999999996
2.8596000000000013
2.907190000000001
1.3462999999999998
2.0609
1.1458000000000002
2.9494900000000017
0.4709899999999994
0.6884899999999994
1.7630899999999996
2.5296200000000004
1.9204
0.3115999999999994
2.757200000000001
2.4510900000000007
-0.0287100000000002
2.9331700000000005
2.832200000000001
2.0528
1.3306
2.1884
2.62028
2.15879
3.183300000000002
3.4970000000000017
2.1925599999999994
1.04299
2.9316000000000013
2.832200000000001
3.805080000000003
1.1541100000000002
2.4045000000000005
3.0134000000000016
4.362920000000003
1.7567
2.7689000000000004
2.8023000000000007
4.899900000000003
2.522730000000001
-0.5225000000000002
1.26038
3.131000000000002
3.6766000000000014
2.4624900000000007
0.955
1.47449
2.4076000000000004
2.03578
1.0895
0.5890999999999997
1.1807
-0.1665100000000001
2.7975600000000007
0.0364000000000004
-0.7960000000000005
2.54064
0.9642
0.6619999999999999
2.4813
1.0741999999999996
1.33479
1.35879
2.530290000000001
1.19714
1.7805
1.5286899999999997
3.978900000000003
1.53219
2.902410000000001
2.5418400000000005
1.37549
3.1673100000000014
0.3347999999999995
2.9011000000000005
2.580590000000001
2.4366900000000005
3.733340000000002
3.323100000000002
0.6958199999999998
2.32982
4.5505400000000025
2.5207000000000006
2.1710900000000004
2.1554
2.639800000000001
2.0974999999999997
3.189620000000001
2.814470000000001
1.90171
1.8937
2.760440000000001
3.1917000000000018
1.6863
2.4372700000000007
2.0045
2.1946000000000003
2.8322000000000003
1.95052
1.6113
2.5382000000000007
2.2561
0.3367899999999998
2.4183000000000003
2.518
2.378920000000001
1.8921
2.2467900000000007
0.1117999999999998
2.878420000000001
3.1855900000000013
-1.1755
2.3126
2.254600000000001
3.4270200000000024
3.231300000000002
3.022000000000002
1.8263
0.98479
1.54629
1.4223
2.723490000000001
2.2058
3.101280000000001
2.9643000000000006
3.3739000000000017
1.24772
1.9377
-0.9179
-0.21911
1.2524000000000002
2.645880000000001
2.748200000000001
3.2901900000000017
1.2375
1.39817
2.34589
2.1082
2.974500000000001
-0.3673099999999991
2.2074
2.781600000000001
0.6547999999999999
3.5446000000000017
3.354890000000002
2.6952000000000007
4.109400000000004
2.06318
1.9416
1.2283
2.554120000000001
2.46016
4.362920000000003
1.0429899999999996
3.044520000000001
2.670020000000001
3.866920000000002
2.1925600000000003
0.4470999999999996
1.13379
2.1955
1.993
3.3654400000000013
2.725200000000001
1.38589
2.5260000000000007
4.017300000000003
2.29542
1.7954799999999995
2.6152200000000008
2.4408000000000003
0.0839000000000002
4.1114000000000015
-1.4575000000000002
1.4473999999999998
2.0952
3.306700000000003
2.1251
2.5303000000000004
1.7902199999999997
3.0379000000000014
2.995700000000001
2.07949
1.60499
2.893220000000001
1.77757
1.31089
1.33899
2.6870900000000013
1.48649
1.2229
3.975100000000003
1.9567
3.3739000000000017
1.5617899999999996
1.2927899999999997
1.64212
1.9207
0.2302000000000001
0.72177
3.1146100000000008
2.1459199999999994
-0.0344999999999999
5.066500000000004
2.46016
2.1893199999999995
1.5580899999999998
2.5951000000000004
0.3605
4.550540000000003
1.99941
1.6975
1.7076
0.5649
2.492290000000001
2.25357
3.3739000000000017
2.29159
2.3651
2.3792
1.5704999999999998
1.4586
1.07581
0.4835000000000001
2.4441
3.031200000000002
2.4239000000000006
2.2058
0.58779
0.7240100000000003
0.3119199999999998
2.8395100000000006
2.7091000000000003
2.0531900000000003
2.580590000000001
3.2513000000000014
2.986220000000001
0.98479
2.04059
2.2396000000000003
2.4357000000000006
1.28271
2.518600000000001
1.0094
2.757200000000001
1.64618
1.1080399999999997
0.4485
2.913140000000001
1.2607
0.6726000000000001
2.748000000000001
2.810100000000001
2.2732
2.681680000000001
-0.8386099999999985
2.1543
1.67033
2.1615
-0.5677099999999997
-1.3226999999999989
2.765720000000001
2.1985
1.607
2.0367
0.7899
2.6644900000000007
0.6704000000000001
1.4610999999999998
1.46648
1.62436
0.94039
2.1966900000000003
1.9278
0.4461999999999998
3.160800000000002
0.3645199999999999
0.6507000000000002
0.2642899999999999
3.2843000000000018
2.8001900000000006
-0.5003000000000004
0.4721900000000001
0.1634999999999997
1.81991
2.5663
0.6205999999999998
2.127
1.0410899999999998
1.2833
2.2357200000000006
2.0767
2.6519
1.4626
0.6088199999999999
1.45162
0.9000600000000002
0.2498999999999996
2.31769
0.6262
0.9797
1.8488
1.5188
1.82882
1.8488
2.788900000000001
2.2051
2.6221000000000005
2.2051
0.7046899999999996
1.793
1.55402
2.4293000000000005
3.680320000000001
1.3815000000000002
1.0554
0.906
2.0767
1.55402
1.2848
0.9231
2.53391
2.0239
2.06629
2.9350500000000013
2.442
2.2216
1.72149
-0.5551000000000001
2.12252
1.1935
1.6000999999999996
1.5208000000000002
0.7695999999999998
0.5039900000000002
1.5790899999999997
0.3928
2.3193
2.67821
1.4202899999999998
2.087
0.3797899999999998
0.7441000000000001
2.7133900000000004
2.5760000000000005
0.5094000000000001
1.7149
0.7548000000000001
1.88989
2.06502
2.598840000000001
0.87469
2.7740300000000007
-1.7537999999999994
-1.230799999999999
2.435390000000001
0.6726
1.16457
1.95342
0.4700999999999998
2.6137700000000006
1.67772
1.1333
3.4857000000000022
2.462320000000001
1.7519999999999998
1.4102
1.5185
0.6533
1.43199
0.7434199999999997
2.08843
2.4338200000000008
1.817
2.2876000000000003
-0.9331999999999998
1.4003
1.4716999999999998
0.7321899999999999
0.3939999999999994
1.3995
1.93822
1.0817999999999997
1.1851
0.3849999999999999
0.5161000000000001
1.3808
2.0624
1.3664
1.5796
0.3255
0.8912
1.7840999999999998
1.2909000000000002
1.46522
1.2486
1.7917999999999998
-0.7841800000000001
-0.613
0.6927999999999999
3.0867000000000013
0.2163999999999999
1.7158
2.2645
1.6095
1.395
2.502320000000001
1.2963999999999998
1.2635900000000002
0.7834
1.0815
2.5432200000000007
0.3728000000000002
3.1073200000000014
2.7140000000000013
1.5651
0.6622999999999999
1.62261
2.3109
2.0562
0.4591999999999996
2.4538
1.7938999999999998
2.8101000000000003
3.533100000000002
0.4349999999999998
2.9128000000000016
2.6875000000000018
0.6455
-2.711709999999999
1.00347
1.7608800000000002
0.67042
3.593200000000002
1.188
1.88289
0.8172900000000001
2.2576
2.7740300000000016
1.68809
0.8382899999999998
0.6840899999999999
1.9716
1.48328
1.9528
0.4504
3.4565000000000023
2.2687
1.1755
1.7921
1.93822
2.18692
1.45162
-0.8076100000000002
1.56369
2.2447
2.0562
0.0329999999999998
1.41
0.0848999999999995
1.5244
3.306600000000003
2.4251000000000005
-0.8814099999999994
2.1004
0.8912
2.5319000000000003
2.1486
-0.6817000000000002
2.1876000000000007
0.6053899999999999
1.6801
1.08894
1.7488
0.3855900000000001
1.34379
-1.181509999999999
1.35662
1.7862
1.6921000000000002
0.89482
0.7473999999999998
3.254700000000001
0.8449200000000001
1.99792
1.5476
2.362
2.6674000000000007
0.4557
1.5796
1.2113
1.93469
0.8435000000000001
2.4088200000000004
1.3416999999999997
2.2347
2.1014
0.94849
1.62469
1.5762
0.7709999999999999
0.93952
1.66749
1.041
1.485
2.3751000000000007
-0.7638000000000003
0.0009900000000001
-0.4142999999999997
1.41814
3.434700000000002
0.8167
0.6170999999999999
2.1110999999999995
-0.6815000000000002
0.3728000000000001
2.681680000000001
0.3474999999999997
1.4716999999999998
3.853000000000002
3.964400000000002
2.5432200000000007
1.9334
2.1598
1.6021
1.90897
1.47619
1.9352
-0.4769000000000001
2.13929
2.08297
1.2877
2.4835400000000005
2.3416
2.1276
0.6969900000000001
2.859700000000001
2.0130000000000003
2.4409
2.655190000000001
1.4716999999999998
2.1513
1.79579
1.6175
-1.5968299999999995
1.93822
0.7685
2.4075000000000006
2.3416
-0.2955100000000001
1.5786
2.810100000000001
2.5665000000000004
0.6235999999999999
-0.2470800000000001
0.4913
2.4221700000000004
1.6428
1.0535
1.2672999999999996
2.6345300000000007
1.1262899999999998
1.817
2.8153200000000007
0.8407
2.599920000000001
1.45162
0.4906899999999998
1.2055
3.307500000000002
1.5716
2.5874000000000006
1.663
1.1812
2.883320000000001
1.0198000000000005
0.8804000000000001
1.4716999999999998
3.041660000000001
3.706700000000003
1.54509
1.7566
1.7042000000000002
1.71
1.3405
2.813220000000001
1.7862
0.5035
1.7108999999999994
1.27542
0.8716000000000002
0.2384999999999998
2.0924
0.4530999999999999
2.5432200000000007
3.228400000000001
2.1004
1.82882
1.1373
2.1818
1.2449
2.687520000000001
3.5059000000000022
0.6808000000000001
3.1073200000000014
-1.0685099999999994
2.0767
-0.0287000000000006
1.5624
0.0662
4.000710000000001
2.6423000000000005
2.858100000000001
0.7429000000000001
1.0882999999999996
2.7082700000000006
2.23998
1.99069
2.3893000000000004
2.1373
2.7090200000000006
2.5750200000000003
2.7116000000000007
1.7608800000000002
1.6390999999999998
1.4722000000000002
1.5061
-0.3198000000000001
1.7779
1.4126
0.2411999999999999
1.15222
1.79571
1.5322
0.6622999999999998
0.9750999999999996
2.0146
2.0367
2.08739
1.66589
1.8111
2.1456
0.5150999999999997
1.62261
2.810100000000001
0.8959000000000001
-0.1063000000000001
2.03557
0.2081999999999999
2.0146
1.4854199999999995
2.4084900000000005
1.88829
0.067
-2.0013099999999997
0.6726999999999999
2.17974
1.4129999999999996
2.1657900000000003
1.46659
1.3388000000000002
1.6566
2.0742
1.2227
-0.96758
1.6631999999999998
1.0978
0.9646
1.63
1.39379
1.9237
1.3614000000000002
1.36919
1.88172
1.7844
2.9764000000000017
2.0365999999999995
-0.5968000000000002
2.697960000000001
1.75182
1.5033
0.6328699999999998
2.17974
1.3388000000000002
2.1599000000000004
1.7596699999999998
0.7177
-0.6589000000000003
1.2828000000000002
0.3325999999999993
1.6027999999999998
1.3479
2.7006200000000007
0.8666999999999998
0.6533
0.98587
1.06209
2.4835400000000005
2.784600000000001
0.1120999999999999
-0.27398
0.5795999999999999
2.16903
0.7736000000000001
1.47509
2.53904
3.339100000000002
2.2492
2.4206000000000003
2.1615
-0.2387999999999999
1.395
2.06502
1.82317
3.0515000000000017
1.2487
2.9869600000000025
2.864300000000001
0.9394000000000002
1.3388000000000002
3.1659700000000006
1.3294
1.66869
1.34434
1.908
2.973860000000001
1.4014999999999995
2.540890000000001
1.7759
2.06469
1.8304
0.20919
2.916970000000001
-0.3736000000000001
1.4512
0.4675900000000001
2.646000000000001
3.172000000000001
2.1846
1.8410999999999995
3.7494900000000015
-0.1425000000000001
2.5028000000000006
0.0572999999999997
2.1235
2.913140000000001
2.3612
1.9853
-0.2848099999999999
1.8102
0.9392
2.887900000000002
0.7834
3.4190200000000024
0.1096999999999999
-0.9162800000000004
0.7
1.89746
2.5139000000000005
1.3353999999999997
3.853000000000003
3.013100000000001
0.9693
2.681680000000001
1.351
0.4391000000000005
0.3998
-0.5489000000000002
0.9601
1.9278
0.30587
1.90159
-0.24048
2.17974
0.7954999999999997
1.7366
1.3171999999999997
1.817
2.762690000000001
1.67033
2.1004
1.3614000000000002
2.0624
0.96779
1.2558999999999996
-0.6223999999999996
0.5884999999999998
3.2025000000000023
2.851700000000001
2.5432200000000007
1.9859
2.2915
2.997300000000001
1.97799
2.7740300000000016
2.2003700000000004
1.93822
-0.12571
0.7454999999999998
1.9438
0.82189
0.81819
2.51262
0.9385999999999998
2.0972
2.2876000000000003
-0.5824000000000003
1.3484199999999995
2.48179
1.2877
0.4948999999999999
1.95679
2.462320000000001
-0.0364000000000001
1.7844
-0.0936099999999999
2.670200000000001
0.4878999999999999
2.1041600000000003
2.19799
2.07056
1.93822
1.64707
2.0766999999999998
1.6585
2.3493
0.7834000000000001
0.7
1.9929
2.7721
1.78162
2.3829
2.1657900000000003
0.7293700000000001
1.8723
2.6996900000000013
0.4504
1.02039
2.703500000000001
3.8595000000000015
0.5837999999999995
2.1657900000000003
1.4593
-0.7628
2.851700000000001
1.3663999999999998
0.7599
1.74739
1.4512
1.1145
-1.0098000000000005
1.489
2.0624
-0.447
0.5926
0.7771999999999999
-0.0832
0.6212
0.2718999999999999
0.87249
0.5898900000000001
-0.01532
0.276
-0.0682
1.08608
-0.53132
-0.2257
0.6551899999999999
0.6076999999999999
-0.0824
0.9361
0.83559
-0.6428
1.18039
1.0442
0.0708
0.1204
0.9801
0.5410000000000001
-0.2839999999999999
1.58802
1.6894
1.31008
0.9912
1.7578
-0.5064000000000001
-2.6833
-0.8245100000000001
0.3833
1.4871
-0.1137000000000001
-0.2662
1.2395
-0.0221099999999999
-1.029
0.70628
-0.5286000000000002
0.92169
-0.4935
0.03
0.8601700000000001
2.1479
0.9114
0.3023
0.0399700000000001
0.7727
-0.0993999999999998
-0.1428199999999998
0.6299
0.58527
0.6970000000000001
1.0248
-0.99303
0.41589
0.3918
0.4084699999999999
0.0354
-0.49772
1.343
0.681
0.48799
0.52988
1.73667
0.9181
0.6982900000000001
0.48908
-0.9703
-0.2503999999999999
0.19517
-0.7089
0.9113
2.7346000000000004
0.65587
1.0059
-0.2083999999999995
1.1337
-0.5802
0.6006800000000001
-0.7166
-0.1682999999999999
0.7749
1.9571
1.7594
0.226
0.6157999999999999
1.2103000000000002
1.3702
0.8321
0.6891899999999999
-0.06163
-0.1604999999999999
1.2631
0.6499
-0.1036
0.5024
0.02559
0.2101999999999999
0.5969899999999999
0.0976
0.3848
-0.2363100000000002
-0.2704300000000001
0.3334
0.5651999999999999
1.24909
0.6142000000000001
-0.6399100000000002
1.5622
1.6268
1.7862
-0.0665999999999999
-0.02701
-0.161
-0.3303999999999998
-0.0014
0.9062
1.0309
-0.7899000000000003
1.34657
0.5531000000000001
-0.0183999999999998
0.9432
-0.37173
-1.3367
0.7253000000000002
0.4787
0.6527000000000001
1.3702
-0.6829999999999999
1.85269
0.54965
-0.37301
0.1138799999999999
1.5154
-0.2068000000000003
1.0043
-0.6741000000000001
0.14318
1.9255
1.7594
0.627
0.5531000000000001
1.13249
0.1715899999999999
0.2639700000000001
-1.3966
2.1763000000000003
0.2052
0.2665000000000002
0.1635999999999999
0.1178799999999999
1.8887
0.754
1.68207
1.24769
0.1793
1.9255
-1.0669100000000002
0.9112
-0.6131000000000002
0.4585000000000001
1.7513
0.8536999999999999
0.26437
-0.0081000000000001
1.182
-0.3170200000000001
-0.8483000000000003
0.24728
0.8486
0.0183699999999999
0.3168
1.43607
-0.0774
0.5952999999999999
0.5464800000000001
0.3551000000000002
-0.4675
0.873
0.1574699999999999
0.9384
-0.0081000000000001
0.5509
-0.0657999999999999
0.5724000000000001
1.0248
0.8347
1.3246
1.29197
0.4609
0.5074
0.1047800000000002
0.9097
0.0136
-0.2531000000000001
0.97178
-0.0942999999999998
0.98302
-0.3466999999999999
-0.0774
1.7013999999999998
0.2482000000000001
0.0766900000000002
2.05652
0.7614
-1.6855000000000002
1.9019
0.0715799999999999
0.8024
1.46029
0.69149
1.5722
0.8412999999999999
-0.8019000000000001
1.097
1.22058
0.79607
-0.3265
1.16829
1.2526
-0.0080999999999998
0.5196000000000001
0.65927
0.1935
0.2867
-0.4118000000000001
-0.4658999999999999
-1.3089
-0.3265
0.851
0.6956799999999999
0.1370999999999999
0.1131199999999999
2.53909
-0.2284000000000002
0.3826
-0.1910300000000001
1.9076000000000004
-0.0757999999999997
1.08608
0.6157999999999999
0.66966
1.1612
1.7578
0.8953
0.3467
0.7771999999999999
-0.1419
0.0152
-0.0111100000000001
0.8034999999999999
0.6324000000000001
-0.9205
-0.2108000000000001
0.7234
-1.2181000000000004
1.0826000000000002
0.5694
1.8903
0.2256999999999999
1.097
0.98302
0.1131199999999999
-0.5022000000000002
1.73667
-0.4322999999999999
0.22497
2.05379
-0.0183999999999998
1.55608
1.9019
0.8836999999999999
0.1662000000000001
1.45152
0.4609
-0.2222999999999999
0.1357999999999999
-0.31312
0.0463
-0.5817999999999999
0.6708700000000001
0.87809
0.2568000000000001
1.8399
-0.0915
0.6141999999999999
-0.4133999999999999
1.0640900000000002
1.0858
-0.2477
1.2698999999999998
0.40687
1.2089
-0.2839999999999997
0.75079
-0.1419
-0.9924099999999992
1.1024
-1.389299999999999
0.3416999999999999
0.1424000000000001
1.34709
0.79565
1.55608
0.19757
0.0627
1.08159
1.0043
0.98302
1.4479
1.2395
0.9416
0.8187
1.1673
0.92
1.2589
0.40112
0.4085899999999999
-0.1033999999999998
2.1479
1.0586
0.6877
-0.0066999999999998
-0.39021
1.90853
0.6825000000000001
1.2545
0.7922
0.7842
1.9744
0.0516999999999999
1.6357
-1.4657
0.0989799999999999
0.80769
2.4934700000000003
-0.3423
-1.5696000000000006
-0.9277
0.3218999999999999
-0.3087999999999999
-0.7352000000000001
-0.6456000000000002
0.7819
-0.2794299999999999
-0.4517300000000001
0.39728
0.3409000000000001
0.4475000000000001
-0.2029999999999999
0.7476
0.3763900000000001
-0.2840000000000001
1.0142999999999998
0.46379
1.2089
2.412700000000001
-0.9024
2.6172000000000017
-0.0976999999999999
-0.63991
-0.4512
1.0214999999999996
-1.0037999999999998
-1.00472
0.97222
0.58917
0.72139
0.4852000000000001
1.29202
-0.3194999999999999
-0.1936999999999999
0.36722
0.3939
1.6312
1.8519
-2.17721
1.0920999999999998
0.4851999999999998
0.36722
0.8676
0.36722
1.7146899999999998
-0.2355999999999998
-0.0531100000000001
-0.9215000000000002
0.31072
1.1892
0.8627
0.8639000000000001
1.7519
0.76749
-0.2356000000000001
2.1232
2.3778
0.8747
0.8102
0.9605899999999998
1.7453999999999996
1.3924
1.21749
1.3203
-0.6996800000000001
2.4465000000000003
1.4641
1.2126
1.4506
-0.2265000000000003
1.5458
0.7122000000000002
-0.9918000000000002
0.752
-0.1795999999999999
-0.3659000000000001
1.6861999999999997
0.3847999999999998
0.72119
1.69844
-0.4024000000000001
0.6287
0.8510000000000002
0.4906199999999999
-0.1956000000000003
-0.5906000000000005
-1.3094999999999992
0.7403
0.5708000000000001
0.2104199999999999
1.0785
1.0695
1.2684000000000002
0.07637
0.8219000000000001
0.5403000000000001
0.8885000000000001
-1.30468
0.3075000000000001
-0.1569299999999999
0.3909999999999999
-0.1769
1.0326
0.4479
0.8412999999999999
0.4906199999999999
-0.3445
-0.8609999999999995
-0.5445000000000004
-0.0313999999999998
0.5357
0.5255000000000001
0.3698999999999999
-0.4934000000000003
1.8035
0.4943999999999999
1.5678999999999998
-1.1458999999999993
0.487
0.0345799999999998
0.1228
1.5385
0.9722000000000002
0.6636
-0.2355999999999999
0.2460000000000001
2.3884000000000007
2.667300000000001
0.76909
0.3289999999999998
0.7122000000000002
1.09344
1.9765
-0.1673299999999998
0.3747900000000001
1.776
1.0956199999999998
0.37729
1.7603
1.4954200000000002
1.0785
-0.098
0.3785
1.72218
1.32639
1.7727
-0.3919000000000001
0.0128999999999997
2.04544
0.1164999999999998
1.34214
1.99462
0.36722
-0.3732000000000002
0.1235199999999999
0.262
0.756
1.9764
0.6397999999999999
0.3453999999999999
0.1413199999999999
-0.7038
2.0213
2.28372
0.2890999999999999
0.3058
0.97222
-0.7296000000000002
-0.0618
1.2993
0.7121999999999999
1.5606
-0.4697299999999997
0.3178999999999998
1.06
1.29202
0.999
0.9734000000000002
1.464
0.5450900000000001
0.0022999999999998
-0.0251999999999998
1.0629
-0.5849000000000002
1.2493
1.0354
1.80178
0.86687
1.2391
0.6634000000000001
0.6833199999999999
1.7915199999999998
1.08839
0.6087400000000001
-1.2976000000000003
1.2684
1.03694
1.2986999999999995
1.32639
1.6749
2.12129
-0.0349099999999999
-1.493499999999999
1.4994
1.94
0.2460000000000001
0.5553899999999999
1.55299
0.7691999999999999
0.6795899999999999
0.7386999999999999
1.44599
-0.7238000000000002
0.4851999999999998
2.1232
-1.4383099999999995
0.97222
-1.7245
0.9968199999999998
0.0689999999999997
0.2459999999999998
1.5385
-0.1643999999999997
1.3922
1.6899000000000002
1.2342
2.0063
-0.4009000000000006
1.5772199999999998
0.4906199999999999
1.6755
-0.4474999999999998
0.4066799999999999
2.854900000000001
1.5564
0.4424000000000002
1.2493
1.18199
0.8060999999999998
0.6649999999999999
1.3802
0.756
1.17251
1.57627
0.6307999999999998
0.1256999999999996
2.4572000000000003
2.693900000000001
3.6082000000000023
3.237400000000002
1.295
2.0102
1.6285
2.5276000000000005
1.7023
4.187000000000003
4.209300000000003
3.5747000000000027
2.524000000000001
3.041300000000001
2.1339
1.0929000000000002
3.4556000000000022
3.276730000000001
2.0655
3.7180000000000017
0.4606999999999999
1.865
0.9545
3.131670000000001
2.3425
3.136800000000002
2.9872000000000014
3.4589000000000025
2.3888000000000007
1.8823
2.3057
1.5606
4.100300000000003
2.43597
2.35147
5.187700000000004
3.6030700000000015
3.1431000000000022
3.1178000000000017
-1.4282999999999992
2.3441
2.0596
2.051
1.4490999999999998
2.2430200000000005
2.375000000000001
2.2430200000000005
1.9987
0.8617999999999999
3.5341000000000014
3.7180000000000017
2.808200000000001
2.4343699999999995
3.260400000000001
1.9507
3.1033000000000017
2.8632000000000017
3.462720000000002
2.796100000000001
2.572000000000001
3.911100000000002
3.358670000000002
1.4113999999999998
3.320100000000002
-0.3708999999999995
-0.0648999999999999
2.5043999999999995
-0.3149000000000006
0.6302900000000001
-1.0744000000000002
-0.0648999999999999
0.7186999999999999
1.69287
2.2463000000000006
0.9081199999999998
2.13699
1.7369
0.7513099999999998
1.5332
0.7186999999999999
1.6818
3.305000000000001
2.4454100000000007
1.45352
0.0661999999999999
-1.2845000000000002
0.94902
1.7833
1.9019
0.0133999999999996
-0.8521999999999998
-0.36638
0.0560999999999999
1.29822
0.9174
0.95682
1.07819
2.871600000000001
2.39888
3.448500000000003
0.5365000000000004
1.87132
2.0065
1.42029
2.1679000000000004
3.3618000000000023
1.05058
2.0322
1.82617
-0.4512
1.4871
-1.0387
0.6370899999999999
1.56167
-0.3450999999999999
0.8206899999999999
0.0797
0.3228
1.0162000000000002
0.7566999999999999
-0.3839099999999999
0.3668999999999998
0.61507
1.18039
0.6700799999999999
0.254
0.7686000000000002
1.60217
-0.4565999999999999
1.1242
1.45152
1.0619999999999998
-0.2052
1.89869
-0.2691
0.8924799999999999
-0.7096000000000002
0.51379
0.2808800000000001
0.93167
0.90059
2.0868
1.21207
1.1295
0.7298
1.99972
1.69287
3.8709400000000023
2.22338
1.0871
-2.502309999999999
2.0381
0.7245900000000001
0.63672
1.59262
1.76162
3.302690000000001
2.0085999999999995
-0.21411
2.3627
2.919690000000001
1.15499
1.5894
1.0908
1.60109
2.4656100000000007
0.5128999999999999
0.4152000000000001
2.1988000000000003
2.0752
0.1204999999999998
2.04011
0.3572999999999997
2.0164
1.86279
0.6540000000000001
0.5691900000000001
1.99972
1.6119
1.87132
2.30209
1.8987
2.1004
2.18243
0.5226000000000001
1.7773
1.78519
-0.3405999999999999
0.8664000000000001
2.6751900000000006
0.4832199999999998
1.3827
1.1523
2.568200000000001
1.15429
-0.7189000000000005
-0.8354099999999989
1.6165
-0.36638
2.5090000000000003
1.08822
0.5327999999999997
1.3241999999999998
0.99322
1.0107000000000002
1.7165
-0.22355
2.01839
0.3014999999999999
2.3988000000000005
1.8907
2.719000000000001
3.2462100000000014
1.3604
2.3484
2.2461
1.0063
2.2666000000000004
0.2006000000000004
1.1869999999999998
0.8510199999999999
1.48629
2.26093
2.0283
-0.3564000000000002
1.6608699999999998
0.6153000000000001
1.5204
1.6196000000000002
2.4742000000000006
3.1106000000000016
1.83229
2.5759000000000007
2.256
2.1940600000000003
-3.5740099999999995
2.836870000000001
-0.5555000000000001
0.8759000000000001
-1.6962099999999989
0.8045899999999999
1.2948
1.31399
1.3693000000000002
2.0580000000000003
1.45602
0.70019
2.7551000000000005
2.18482
1.0206
2.2801800000000005
-0.1655100000000006
2.953890000000001
0.9578
1.621
1.9337
1.8011
3.203000000000002
1.5489
2.1041000000000003
1.4714
1.2705
2.796800000000001
1.96637
2.1940600000000003
2.3791
1.54459
0.6172
1.6583
1.6859000000000002
0.78472
1.5728
1.0058200000000002
0.2632
1.49622
2.3922
2.9586900000000007
3.5794000000000024
1.5037
1.29822
2.00606
0.7513099999999999
2.4656100000000007
2.17512
2.1959
0.8664000000000001
1.7872
2.7617900000000004
1.0049
-0.3308800000000002
-0.7088
1.0069
2.567100000000001
1.1833
1.6843
2.17512
2.0752
0.4707000000000001
1.467
0.1114999999999997
3.3412000000000006
2.418000000000001
2.7617900000000004
1.2798
2.30209
-0.1139
0.6993
0.3231100000000001
1.1874999999999998
1.01698
1.2404000000000002
1.9771
2.7617900000000004
1.6517
2.9922000000000013
1.505
1.83489
3.5859000000000023
2.2042
-0.6647000000000001
2.9005600000000014
1.869
0.8662000000000001
-2.3656999999999995
-0.8089300000000001
2.8580200000000007
0.8664000000000001
1.11289
-0.6261100000000002
1.5652
2.04011
1.63509
1.45602
1.49979
-0.1120000000000001
2.2801
1.76214
0.88697
-0.9269100000000006
2.43637
0.6520999999999999
1.3923
1.09392
0.3215000000000001
1.0901999999999998
2.5048000000000004
-0.1915999999999998
2.4656100000000007
0.3620000000000001
2.3253999999999992
2.3025
1.49622
0.4053999999999998
0.9302
2.17512
1.1539
0.8664000000000001
2.34579
-0.4294800000000003
1.94309
-1.2071999999999994
3.203100000000002
0.9898
1.985
1.9292
2.0106
2.11852
1.8141
0.9683
-0.0649000000000001
-0.3341999999999998
1.85419
0.7182
1.5839
0.0500900000000003
1.245
0.9187
2.0164
0.967
1.3709
0.3403999999999999
2.0505
0.9673
2.01562
0.3426999999999999
2.473
2.20322
3.603100000000003
3.141560000000002
4.371200000000004
2.2121000000000004
1.4429
2.7989200000000007
3.902700000000002
2.3627900000000004
1.8336
2.3293
4.840700000000004
3.9018000000000015
1.5983999999999998
4.811900000000004
3.470550000000002
0.6650499999999999
2.9598000000000013
2.11339
2.665090000000001
4.034480000000003
0.7592899999999999
2.847590000000001
1.3699199999999998
3.5141000000000018
3.449040000000002
3.807890000000003
3.987990000000004
0.39913
1.044
3.6097500000000022
3.239700000000002
2.6176000000000004
2.36618
3.176780000000001
2.3009000000000004
2.554290000000001
2.750840000000001
3.412580000000002
2.1397700000000004
3.375100000000001
2.32482
2.5207000000000006
2.666800000000001
1.9701
2.21284
3.4352500000000026
2.3341000000000003
1.55123
2.7210100000000006
2.2002
1.77072
1.60929
3.5177900000000024
2.1939
2.974210000000001
3.5107900000000027
2.898200000000001
1.9569
-0.1664999999999987
1.86569
1.2431999999999996
3.515100000000002
4.206030000000004
4.558320000000004
3.0427000000000017
0.7545000000000001
2.0603
4.003600000000003
2.5974000000000004
3.710010000000002
3.2887000000000013
1.41942
-0.4874999999999989
3.2718000000000016
3.028690000000002
0.8927
1.3490000000000002
3.0373400000000013
2.5291999999999994
3.261700000000002
3.659900000000002
2.8112200000000014
3.420420000000002
2.4112000000000005
2.9320900000000014
2.471800000000001
2.494190000000001
3.2653000000000025
1.8154
3.303700000000001
3.5393000000000017
0.9487
3.006800000000001
0.9043000000000004
2.22683
3.100690000000002
3.1917000000000018
3.5393000000000017
2.7986000000000004
1.98321
1.82291
2.750490000000001
2.7880200000000013
3.4950000000000028
2.4986000000000006
0.8953999999999998
2.716500000000001
2.7289200000000005
-1.1399299999999994
1.3400000000000003
3.072490000000001
1.6222
0.6942999999999999
3.689200000000002
4.461200000000004
4.238600000000003
0.9896899999999998
2.7083000000000013
4.076990000000003
2.7939000000000007
2.5708200000000003
4.238820000000003
1.54059
4.313100000000003
3.526130000000003
2.4236000000000004
3.6560900000000025
3.149220000000001
3.235410000000001
1.7404
1.8997
2.6121000000000008
1.4529999999999998
3.267100000000002
3.222190000000001
3.693800000000002
3.113030000000001
2.898200000000001
3.521810000000002
2.8511900000000017
3.8927000000000014
1.02889
2.3798200000000005
3.4840000000000018
0.8332899999999994
2.6739000000000006
2.3200200000000004
3.238500000000001
2.35759
3.8256000000000014
2.823800000000001
2.5342900000000004
2.4395000000000007
3.8256000000000014
3.839140000000002
4.593090000000003
3.4098900000000016
2.8408000000000007
3.089290000000002
3.645030000000003
-0.7162000000000004
2.9152700000000014
3.4292000000000025
2.02472
3.0770000000000017
4.145400000000003
2.740400000000001
2.6786000000000003
2.44409
1.8574
3.9018000000000015
3.115490000000002
3.1065000000000014
4.688500000000002
1.7688
4.548400000000004
2.18392
1.6001999999999998
0.2353999999999998
3.6957900000000015
2.641090000000001
3.4655000000000014
2.718490000000001
1.7242999999999993
3.4042900000000023
3.807590000000003
4.083300000000003
1.6887
2.8732200000000017
4.592200000000004
2.16327
3.3047900000000023
0.066790000000001
2.12392
2.681800000000001
3.399840000000002
1.44202
2.4651900000000007
3.3614000000000024
2.6583900000000007
-0.0280800000000002
4.110500000000003
1.4860999999999993
3.449040000000002
3.571220000000002
3.098590000000001
3.645030000000003
4.465900000000003
3.4651000000000023
2.764850000000001
5.621460000000004
0.0869000000000013
2.381900000000001
2.4975900000000006
4.232200000000003
4.153600000000004
2.65679
3.4456400000000027
3.259680000000001
1.22139
3.1198900000000016
2.3813000000000004
2.754100000000001
2.02589
2.702300000000001
3.6695100000000025
2.7720900000000004
0.8190999999999997
0.0141999999999998
3.9018000000000015
0.2396199999999997
3.5738900000000022
1.8358
3.619780000000002
3.2410900000000025
3.251100000000001
0.8185900000000002
1.86569
3.4019000000000013
1.98869
2.5312
2.5422900000000004
2.6583900000000007
2.6518000000000006
2.7289200000000005
3.2407200000000005
2.938500000000001
4.000500000000002
3.5514100000000024
3.494400000000001
2.6777000000000006
2.8732200000000017
3.1751000000000014
3.449040000000002
2.853600000000001
2.9659000000000013
0.7185
2.9502000000000006
2.8406899999999995
4.3229200000000025
2.775400000000001
3.3568200000000026
3.2411600000000016
2.7136000000000013
4.249900000000004
1.1251
2.9056900000000017
0.8592899999999998
1.0100000000000002
2.591820000000001
1.45339
3.6166000000000023
3.538320000000001
2.845860000000001
2.569790000000001
3.144780000000001
3.221250000000002
2.2158999999999995
3.071790000000002
1.3629
3.982280000000003
2.917700000000001
1.4990900000000005
2.9217000000000013
2.851000000000001
2.6423200000000007
1.67909
4.030530000000002
3.449040000000002
2.0116
3.983520000000002
4.855200000000002
2.2623999999999995
3.4441900000000025
2.3823
2.4240000000000004
3.3524900000000013
2.5346
5.086900000000004
3.1199900000000023
3.296800000000001
3.3339200000000018
1.2827400000000004
4.161900000000003
-0.5144099999999998
3.738000000000001
-1.481699999999999
4.209290000000004
0.78389
2.852390000000001
3.227990000000002
3.404300000000002
4.089000000000002
3.5032000000000023
3.6838900000000026
3.149220000000001
3.236110000000002
4.373020000000003
1.10928
3.230900000000002
3.0373400000000013
2.9598000000000013
0.1976899999999999
3.8180000000000014
3.190300000000001
4.008600000000003
3.324200000000002
4.067300000000003
3.662700000000002
3.0144800000000007
1.9524
4.009530000000003
3.806790000000003
3.230900000000001
1.6382
2.872630000000002
4.119100000000003
1.28627
4.564000000000004
2.752320000000001
3.448290000000002
2.7510900000000014
3.223700000000002
3.6456000000000017
2.3425
3.0373400000000013
2.6384000000000007
2.689300000000001
3.138550000000002
2.898200000000001
1.64899
1.32039
3.083190000000002
3.6564900000000025
3.227040000000001
2.5557
1.7471
0.3991299999999998
-2.2154000000000007
2.4496900000000004
3.193010000000002
1.68809
2.43289
1.7608700000000002
1.88942
3.230900000000002
4.396000000000004
2.19365
2.530100000000001
5.202380000000002
4.480590000000003
3.223700000000002
4.406390000000004
2.854000000000001
3.5100900000000026
3.298700000000002
4.250320000000002
4.324660000000004
2.8857000000000017
1.20219
1.0307
3.187290000000001
-0.8344999999999996
3.4156900000000023
3.699600000000003
4.525500000000004
4.025240000000003
1.8968
2.6633000000000004
2.934300000000001
1.3477900000000005
2.8971800000000014
2.3515200000000007
4.138700000000003
3.390890000000001
5.187300000000004
1.5092899999999998
2.4008000000000003
2.90064
4.764200000000004
4.0287200000000025
1.39389
1.7645999999999995
1.4234999999999995
3.8136000000000023
0.9466900000000004
4.588400000000004
4.119100000000003
2.687790000000001
2.5185000000000004
3.105190000000001
1.2832899999999998
3.9965100000000016
2.873800000000001
2.9343000000000004
4.003700000000002
2.4087000000000005
1.9814
2.2782
2.8680200000000005
1.7733
3.0313800000000013
4.620400000000004
3.2363200000000023
1.3679
3.604700000000002
3.276200000000002
2.5181900000000006
7.145600000000006
2.9343000000000004
2.4237
2.32119
3.408520000000002
3.965900000000003
3.7662900000000032
1.9632
0.5927999999999995
4.753140000000004
2.20242
2.9475000000000007
3.462100000000002
2.9343000000000004
2.817000000000001
2.8214900000000016
4.022600000000002
3.4448900000000027
2.2055799999999994
1.1738000000000002
0.7239000000000007
0.8616000000000001
1.2753199999999998
2.3599999999999994
2.0892
1.1082
2.9820400000000014
3.559520000000002
3.198300000000001
2.818900000000001
3.860990000000003
1.80413
4.059300000000002
2.8214900000000007
1.5779999999999998
4.235100000000003
1.8433
2.617000000000001
3.6842200000000025
3.691200000000002
2.740400000000001
4.733500000000004
3.6472000000000016
3.157500000000001
2.0684
3.5180900000000017
2.33195
3.5708400000000022
3.833100000000002
2.2886
2.7902000000000013
3.525820000000002
2.2793
3.0373400000000013
4.033860000000002
2.5933
3.514190000000003
3.6529000000000016
3.1133200000000008
2.8993
2.0365
2.5470000000000006
3.1953000000000014
0.4770000000000014
2.6187000000000005
3.7706000000000026
2.22982
4.110850000000003
1.7926000000000002
3.2674900000000004
1.8562
3.181490000000001
1.48729
1.4810899999999998
3.141560000000002
3.5854900000000027
1.9781
2.7647000000000004
2.662100000000001
3.892300000000003
0.37249
2.4904900000000003
3.605220000000002
5.347200000000004
3.482800000000001
2.594290000000001
3.131200000000001
1.2736199999999995
3.3637000000000024
2.32937
1.2417
1.48963
3.5792100000000024
4.322300000000003
1.6414399999999998
3.6113500000000025
1.8822
3.3873500000000023
3.4359600000000023
0.8686600000000007
3.641400000000001
2.4993000000000007
1.5732
2.3726900000000004
2.193599999999999
3.955600000000003
3.660890000000002
4.210220000000002
1.46923
3.209270000000002
