log P
0.8233900000000001
1.95342
1.0360999999999998
0.98479
1.8987
2.22982
3.1073200000000014
2.06629
1.78519
1.44121
2.4279400000000004
1.1093
2.4861000000000004
1.04419
1.76162
1.29649
2.04059
2.418000000000001
2.30239
1.55123
0.70628
0.2568000000000001
1.1539
0.7386999999999999
1.21142
3.1041000000000016
1.5162999999999998
1.8809
1.8874
1.3263999999999998
1.69287
2.3253999999999992
1.7457699999999998
2.5153
2.08297
1.3241999999999998
1.4235
1.7833
1.1807
1.29197
3.8595000000000015
4.219220000000004
4.592200000000004
3.6030700000000015
3.331220000000001
3.9898200000000026
3.2901900000000017
4.009530000000003
3.980240000000002
3.372300000000002
3.3670000000000027
4.103300000000002
3.3339200000000018
4.249900000000004
3.5375000000000014
3.430200000000001
4.042870000000002
4.811900000000004
3.7180000000000017
3.693800000000002
-0.7038
-0.0280800000000002
-0.8354099999999989
-0.3590000000000001
-0.8089300000000001
-1.7395099999999994
-0.9331999999999998
0.1498999999999997
-0.6428
-0.8423000000000005
-0.0706000000000003
-0.1383800000000001
-0.3493000000000001
0.1321
0.0414899999999998
-0.3564000000000002
0.1023999999999996
-0.3087000000000001
-0.0774
0.0371
2.1082
1.9427
1.82068
1.9252
2.1657900000000003
2.11222
1.93822
1.9764
1.8027
1.8324
1.9811
2.12099
1.965
2.1536
1.8937
1.93822
1.99462
2.1181
2.12129
1.93822
1.4543
1.6737
1.5152
1.62399
1.47107
1.6956
1.621
1.6312
1.5894
1.7234
1.6298
1.6977
1.5606
1.7727
1.45602
1.464
1.4164
1.7603
1.5983999999999998
1.5200899999999995
1.67033
1.7110999999999998
1.7547
1.5790899999999997
1.6271
1.7165
1.5458
1.5349999999999997
1.5637
1.5655899999999998
1.6859000000000002
1.4593
1.4873
1.6196000000000002
1.65119
1.3924
1.7594
1.4014999999999995
1.68362
2.1232
2.17974
2.09572
2.1373
2.1598
1.9945
1.98996
2.03557
1.8102
1.90853
1.99794
1.8761
1.8337
1.7921
1.7948
2.1548800000000004
2.0500000000000003
2.1254
1.9853
1.9853
