log P
3.054700000000002
0.4778999999999997
0.6390900000000004
2.828100000000002
3.219070000000001
2.768300000000001
1.9688
1.8924
1.2991899999999998
2.317400000000001
2.1899999999999995
1.9929
3.1491000000000016
2.1948
2.2278
1.0907699999999998
2.824800000000001
3.2600000000000025
0.6060999999999999
2.9951000000000016
1.6510999999999998
1.7385
1.3664999999999998
2.6423200000000007
0.3694
1.20252
2.0066
1.94644
1.6342999999999994
1.95682
1.40457
1.6565999999999996
0.7055
1.5848
0.7848999999999999
1.4716999999999991
2.8630000000000013
2.467270000000001
2.140199999999999
0.9639000000000002
3.763600000000003
3.690500000000003
3.6968000000000014
4.532500000000003
3.902200000000003
3.9310700000000014
3.6688000000000014
4.001800000000001
4.119020000000004
4.119020000000004
3.865400000000001
3.492400000000001
4.358800000000002
5.003300000000001
3.824620000000003
4.007500000000001
4.5481000000000025
3.5953000000000026
3.824620000000003
3.618960000000002
0.1460999999999999
-1.4179299999999984
-1.4664299999999992
-0.8068999999999991
-1.9164999999999983
-0.2394999999999991
-2.2276
-0.8389999999999995
-0.8905999999999985
-0.23943
-1.329299999999998
0.1252000000000001
0.0736999999999999
-0.6566000000000001
-1.5359999999999994
-0.1478000000000001
-1.5049000000000003
-1.518629999999999
-0.1733000000000001
-0.9513999999999992
2.06079
2.29243
2.0889
2.393590000000001
2.2855
2.3138999999999994
2.0939999999999994
2.1792
2.1393
2.1643
1.9614
2.00477
2.1274
2.1983
2.3946000000000005
2.176300000000001
2.1767700000000003
2.0853
2.3205
2.3612600000000006
1.84571
1.8216
1.7520999999999998
1.8839
1.68112
1.8858
1.94029
1.7046
1.7833999999999994
1.7833999999999994
1.6321999999999997
1.9175
1.9039
1.5255999999999998
1.62999
1.64529
1.7912999999999997
1.7833999999999994
1.8448
1.8465
1.6701
1.9175
1.5411
1.6173
1.7833999999999994
1.58382
1.5365699999999998
1.7320399999999998
1.5029699999999997
1.5711999999999997
1.757
1.5711999999999997
1.8325
1.8965
1.5686999999999998
1.8742
1.5719
1.5258
1.7863999999999998
1.8569
1.9911
2.2646000000000006
2.2454
2.1834
2.2235000000000005
2.0957
2.055
2.1767700000000003
2.0583000000000005
2.1754999999999995
2.10357
2.351720000000001
2.0771999999999995
2.0282
1.9606
1.97632
2.208600000000001
2.2845000000000004
2.1837
2.39712
